count_point_id,year,region_id,region_name,local_authority_id,local_authority_name,road_name,road_type,start_junction_road_name,end_junction_road_name,easting,northing,latitude,longitude,link_length_km,link_length_miles,estimation_method,estimation_method_detailed,pedal_cycles,two_wheeled_motor_vehicles,cars_and_taxis,buses_and_coaches,lgvs,hgvs_2_rigid_axle,hgvs_3_rigid_axle,hgvs_4_or_more_rigid_axle,hgvs_3_or_4_articulated_axle,hgvs_5_articulated_axle,hgvs_6_articulated_axle,all_hgvs,all_motor_vehicles
7377,2000,8,Yorkshire and The Humber,195,Bradford,A629,Major,A629,B6144,406600,435000,53.81126158,-1.90125321,5.3,3.3,Estimated,Estimated using AADF from previous year on this link,17,89,10909,101,2016,531,100,133,84,144,39,1031,14146
7377,2001,8,Yorkshire and The Humber,195,Bradford,A629,Major,A629,B6144,406600,435000,53.81126158,-1.90125321,5.3,3.3,Counted,Manual count,16,63,11224,90,2162,477,77,116,101,166,84,1021,14560
7377,2002,8,Yorkshire and The Humber,195,Bradford,A629,Major,A629,B6144,406600,435000,53.81126158,-1.90125321,5.3,3.3,Counted,Manual count,25,116,11759,105,2171,390,75,115,75,120,88,863,15014
7377,2003,8,Yorkshire and The Humber,195,Bradford,A629,Major,A629,B6144,406600,435000,53.81126158,-1.90125321,5.3,3.3,Estimated,Estimated using AADF from previous year on this link,21,142,11864,109,2446,383,78,124,70,105,96,856,15417
7377,2004,8,Yorkshire and The Humber,195,Bradford,A629,Major,A629,B6144,406600,435000,53.81126158,-1.90125321,5.3,3.3,Counted,Manual count,19,126,11648,104,2112,366,77,208,66,98,70,885,14875
7377,2005,8,Yorkshire and The Humber,195,Bradford,A629,Major,A629,B6144,406600,435000,53.81126158,-1.90125321,5.3,3.3,Counted,Manual count,19,97,11022,84,2238,533,60,175,66,104,77,1015,14456
7377,2006,8,Yorkshire and The Humber,195,Bradford,A629,Major,A629,B6144,406600,435000,53.81126158,-1.90125321,5.3,3.3,Estimated,Estimated using AADF from previous year on this link,17,83,11331,79,2348,543,58,187,63,96,86,1033,14874
7377,2007,8,Yorkshire and The Humber,195,Bradford,A629,Major,A629,B6144,406600,435000,53.81126158,-1.90125321,5.3,3.3,Counted,Manual count,25,182,12088,95,2102,357,75,97,67,156,68,820,15287
7377,2008,8,Yorkshire and The Humber,195,Bradford,A629,Major,A629,B6144,406600,435000,53.81126158,-1.90125321,5.3,3.3,Estimated,Estimated using AADF from previous year on this link,25,177,12003,97,2107,348,83,99,63,148,72,813,15197
7377,2009,8,Yorkshire and The Humber,195,Bradford,A629,Major,A629,B6144,406600,435000,53.81126158,-1.90125321,5.3,3.3,Estimated,Estimated using AADF from previous year on this link,28,186,11847,101,2176,322,83,95,59,127,69,755,15065
7377,2010,8,Yorkshire and The Humber,195,Bradford,A629,Major,A629,B6144,406600,435000,53.81126158,-1.90125321,5.3,3.3,Counted,Manual count,59,88,10822,107,1804,289,75,109,30,78,58,639,13460
7377,2011,8,Yorkshire and The Humber,195,Bradford,A629,Major,A629,B6144,406600,435000,53.81126158,-1.90125321,5.3,3.3,Counted,Manual count,33,130,9782,102,2078,277,50,55,38,68,67,555,12647
7377,2012,8,Yorkshire and The Humber,195,Bradford,A629,Major,A629,B6144,406600,435000,53.81126158,-1.90125321,5.3,3.3,Estimated,Estimated using AADF from previous year on this link,31,120,9508,100,2180,280,55,63,28,63,67,556,12464
7377,2013,8,Yorkshire and The Humber,195,Bradford,A629,Major,A629,B6144,406600,435000,53.81126158,-1.90125321,5.3,3.3,Estimated,Estimated using AADF from previous year on this link,31,121,9332,92,2341,279,58,70,21,60,68,556,12442
7377,2014,8,Yorkshire and The Humber,195,Bradford,A629,Major,A629,B6144,406600,435000,53.81126158,-1.90125321,5.3,3.3,Estimated,Estimated using AADF from previous year on this link,24,125,9463,94,2516,277,63,75,21,57,75,568,12766
7377,2015,8,Yorkshire and The Humber,195,Bradford,A629,Major,A629,B6144,406600,435000,53.81126158,-1.90125321,5.3,3.3,Estimated,Estimated using AADF from previous year on this link,24,119,9351,97,2693,277,68,75,26,58,75,579,12839
7377,2016,8,Yorkshire and The Humber,195,Bradford,A629,Major,A629,B6144,406600,435000,53.81126158,-1.90125321,5.3,3.3,Counted,Manual count,50,106,10374,76,1888,254,48,145,54,87,87,675,13118
7377,2017,8,Yorkshire and The Humber,195,Bradford,A629,Major,A629,B6144,406600,435000,53.81126158,-1.90125321,5.3,3.3,Estimated,Estimated using AADF from previous year on this link,50,103,10361,74,1998,262,49,150,55,87,90,693,13229
7377,2018,8,Yorkshire and The Humber,195,Bradford,A629,Major,A629,B6144,406600,435000,53.81126158,-1.90125321,5.3,3.3,Estimated,Estimated using AADF from previous year on this link,49,101,10312,70,2092,265,50,159,55,88,92,708,13283
7377,2019,8,Yorkshire and The Humber,195,Bradford,A629,Major,A629,B6144,406600,435000,53.81126158,-1.90125321,5.3,3.3,Estimated,Estimated using AADF from previous year on this link,59,108,10334,69,2085,263,53,164,55,88,91,714,13311
7377,2020,8,Yorkshire and The Humber,195,Bradford,A629,Major,A629,B6144,406600,435000,53.81126158,-1.90125321,5.3,3.3,Counted,Manual count,51,35,7700,71,1661,276,30,106,12,35,88,548,10015
7377,2021,8,Yorkshire and The Humber,195,Bradford,A629,Major,A629,B6144,406600,435000,53.81126158,-1.90125321,5.3,3.3,Estimated,Estimated using AADF from previous year on this link,38,36,8420,84,1902,300,32,116,13,37,93,591,11034
7377,2022,8,Yorkshire and The Humber,195,Bradford,A629,Major,A629,B6144,406600,435000,53.81126158,-1.90125321,5.3,3.3,Estimated,Estimated using AADF from previous year on this link,37,40,9037,90,2119,308,33,119,14,38,96,608,11894
7377,2023,8,Yorkshire and The Humber,195,Bradford,A629,Major,A629,B6144,406600,435000,53.81126158,-1.90125321,5.3,3.3,Estimated,Estimated using AADF from previous year on this link,35,38,9261,89,2161,309,31,111,14,38,90,593,12141
7377,2024,8,Yorkshire and The Humber,195,Bradford,A629,Major,A629,B6144,406600,435000,53.81126158,-1.90125321,5.3,3.3,Estimated,Estimated using AADF from previous year on this link,34,37,9372,89,2199,310,31,111,14,37,89,592,12289
7377,2025,8,Yorkshire and The Humber,195,Bradford,A629,Major,A629,B6144,406600,435000,53.81126158,-1.90125321,5.3,3.3,Estimated,Estimated using AADF from previous year on this link,35,38,9473,88,2246,309,31,114,14,37,88,593,12437
7401,2000,8,Yorkshire and The Humber,195,Bradford,A641,Major,LA Boundary,A58,414830,426000,53.7302032,-1.77669794,0.2,0.1,Estimated,Estimated using AADF from previous year on this link,38,150,11841,282,1546,466,43,20,24,16,11,580,14399
7401,2001,8,Yorkshire and The Humber,195,Bradford,A641,Major,LA Boundary,A58,414830,426000,53.7302032,-1.77669794,0.2,0.1,Estimated,Estimated using AADF from previous year on this link,36,157,11474,295,1557,444,48,20,19,12,11,554,14037
7401,2002,8,Yorkshire and The Humber,195,Bradford,A641,Major,LA Boundary,A58,414830,426000,53.7302032,-1.77669794,0.2,0.1,Counted,Manual count,9,119,11060,319,1607,357,31,14,11,18,10,441,13546
7401,2003,8,Yorkshire and The Humber,195,Bradford,A641,Major,LA Boundary,A58,414830,426000,53.7302032,-1.77669794,0.2,0.1,Estimated,Estimated using AADF from previous year on this link,8,169,10651,311,1745,346,31,15,11,16,11,430,13306
7401,2004,8,Yorkshire and The Humber,195,Bradford,A641,Major,LA Boundary,A58,414830,426000,53.7302032,-1.77669794,0.2,0.1,Estimated,Estimated using AADF from previous year on this link,7,111,10789,254,1922,421,40,20,11,15,13,520,13596
7401,2005,8,Yorkshire and The Humber,195,Bradford,A641,Major,LA Boundary,A58,414830,426000,53.7302032,-1.77669794,0.2,0.1,Estimated,Estimated using AADF from previous year on this link,5,92,10293,240,2048,456,43,22,8,12,13,554,13227
7401,2006,8,Yorkshire and The Humber,195,Bradford,A641,Major,LA Boundary,A58,414830,426000,53.7302032,-1.77669794,0.2,0.1,Estimated,Estimated using AADF from previous year on this link,9,79,10098,223,2079,440,40,23,7,10,12,532,13011
7401,2007,8,Yorkshire and The Humber,195,Bradford,A641,Major,LA Boundary,A58,414830,426000,53.7302032,-1.77669794,0.2,0.1,Estimated,Estimated using AADF from previous year on this link,5,76,9936,203,2189,409,37,24,6,8,12,496,12900
7401,2008,8,Yorkshire and The Humber,195,Bradford,A641,Major,LA Boundary,A58,414830,426000,53.7302032,-1.77669794,0.2,0.1,Estimated,Estimated using AADF from previous year on this link,6,73,9717,176,2235,408,42,25,4,7,11,497,12698
7401,2009,8,Yorkshire and The Humber,195,Bradford,A641,Major,LA Boundary,A58,414830,426000,53.7302032,-1.77669794,0.2,0.1,Estimated,Estimated using AADF from previous year on this link,6,81,9931,174,2268,371,42,24,4,6,11,458,12912
7401,2010,8,Yorkshire and The Humber,195,Bradford,A641,Major,LA Boundary,A58,414830,426000,53.7302032,-1.77669794,0.2,0.1,Counted,Manual count,37,82,12200,280,1671,244,32,15,10,25,9,335,14568
7401,2011,8,Yorkshire and The Humber,195,Bradford,A641,Major,LA Boundary,A58,414830,426000,53.7302032,-1.77669794,0.2,0.1,Estimated,Estimated using AADF from previous year on this link,41,70,12164,265,1864,248,36,17,8,25,10,344,14707
7401,2012,8,Yorkshire and The Humber,195,Bradford,A641,Major,LA Boundary,A58,414830,426000,53.7302032,-1.77669794,0.2,0.1,Estimated,Estimated using AADF from previous year on this link,39,67,11974,288,1886,251,39,19,6,22,10,347,14562
7401,2013,8,Yorkshire and The Humber,195,Bradford,A641,Major,LA Boundary,A58,414830,426000,53.7302032,-1.77669794,0.2,0.1,Estimated,Estimated using AADF from previous year on this link,38,75,11869,301,1960,253,43,22,4,21,10,352,14557
7401,2014,8,Yorkshire and The Humber,195,Bradford,A641,Major,LA Boundary,A58,414830,426000,53.7302032,-1.77669794,0.2,0.1,Estimated,Estimated using AADF from previous year on this link,37,71,12190,290,2096,259,47,24,4,17,9,360,15009
7401,2015,8,Yorkshire and The Humber,195,Bradford,A641,Major,LA Boundary,A58,414830,426000,53.7302032,-1.77669794,0.2,0.1,Estimated,Estimated using AADF from previous year on this link,35,63,12432,312,2198,246,48,23,4,17,9,347,15352
7401,2016,8,Yorkshire and The Humber,195,Bradford,A641,Major,LA Boundary,A58,414830,426000,53.7302032,-1.77669794,0.2,0.1,Estimated,Estimated using AADF from previous year on this link,32,62,12626,289,2401,249,48,26,5,15,9,351,15729
7401,2017,8,Yorkshire and The Humber,195,Bradford,A641,Major,LA Boundary,A58,414830,426000,53.7302032,-1.77669794,0.2,0.1,Estimated,Estimated using AADF from previous year on this link,31,62,12533,270,2528,247,49,26,5,15,9,351,15744
7401,2018,8,Yorkshire and The Humber,195,Bradford,A641,Major,LA Boundary,A58,414835,425955,53.7297986,-1.77662429,0.2,0.1,Counted,Manual count,48,81,12197,236,1592,126,20,16,5,12,6,186,14293
7401,2019,8,Yorkshire and The Humber,195,Bradford,A641,Major,LA Boundary,A58,414835,425955,53.7297986,-1.77662429,0.2,0.1,Estimated,Estimated using AADF from previous year on this link,52,76,12350,239,1578,125,21,16,5,12,6,185,14429
7401,2020,8,Yorkshire and The Humber,195,Bradford,A641,Major,LA Boundary,A58,414835,425955,53.7297986,-1.77662429,0.2,0.1,Estimated,Estimated using AADF from previous year on this link,60,56,9381,151,1393,110,18,14,4,11,6,163,11144
7401,2021,8,Yorkshire and The Humber,195,Bradford,A641,Major,LA Boundary,A58,414835,425955,53.7297986,-1.77662429,0.2,0.1,Estimated,Estimated using AADF from previous year on this link,49,60,10335,156,1518,117,19,16,4,12,6,174,12243
7401,2022,8,Yorkshire and The Humber,195,Bradford,A641,Major,LA Boundary,A58,414835,425955,53.7297986,-1.77662429,0.2,0.1,Estimated,Estimated using AADF from previous year on this link,44,65,11039,168,1646,122,20,17,5,12,6,181,13098
7401,2023,8,Yorkshire and The Humber,195,Bradford,A641,Major,LA Boundary,A58,414835,425955,53.7297986,-1.77662429,0.2,0.1,Estimated,Estimated using AADF from previous year on this link,43,64,11246,169,1674,120,20,16,5,12,6,178,13332
7401,2024,8,Yorkshire and The Humber,195,Bradford,A641,Major,LA Boundary,A58,414835,425955,53.7297986,-1.77662429,0.2,0.1,Estimated,Estimated using AADF from previous year on this link,44,66,11417,170,1704,122,20,16,4,11,6,179,13536
7401,2025,8,Yorkshire and The Humber,195,Bradford,A641,Major,LA Boundary,A58,414835,425955,53.7297986,-1.77662429,0.2,0.1,Estimated,Estimated using AADF from previous year on this link,44,68,11430,166,1739,121,20,16,5,11,6,178,13581
7405,2000,8,Yorkshire and The Humber,195,Bradford,A644,Major,A647,LA Boundary,410680,430000,53.76625546,-1.83946335,1.2,0.7,Estimated,Estimated using AADF from previous year on this link,15,51,8258,93,1346,284,36,49,29,61,36,495,10243
7405,2001,8,Yorkshire and The Humber,195,Bradford,A644,Major,A647,LA Boundary,410680,430000,53.76625546,-1.83946335,1.2,0.7,Estimated,Estimated using AADF from previous year on this link,15,54,8002,97,1356,271,40,47,24,48,38,468,9977
7405,2002,8,Yorkshire and The Humber,195,Bradford,A644,Major,A647,LA Boundary,410680,430000,53.76625546,-1.83946335,1.2,0.7,Counted,Manual count,19,81,8845,95,1577,293,45,43,44,90,45,560,11158
7405,2003,8,Yorkshire and The Humber,195,Bradford,A644,Major,A647,LA Boundary,410680,430000,53.76625546,-1.83946335,1.2,0.7,Estimated,Estimated using AADF from previous year on this link,17,115,8517,93,1713,284,46,45,42,80,50,547,10985
7405,2004,8,Yorkshire and The Humber,195,Bradford,A644,Major,A647,LA Boundary,410680,430000,53.76625546,-1.83946335,1.2,0.7,Estimated,Estimated using AADF from previous year on this link,14,76,8629,76,1886,346,59,60,42,76,58,641,11308
7405,2005,8,Yorkshire and The Humber,195,Bradford,A644,Major,A647,LA Boundary,410680,430000,53.76625546,-1.83946335,1.2,0.7,Estimated,Estimated using AADF from previous year on this link,12,62,8231,72,2010,375,63,69,36,61,57,661,11036
7405,2006,8,Yorkshire and The Humber,195,Bradford,A644,Major,A647,LA Boundary,410680,430000,53.76625546,-1.83946335,1.2,0.7,Counted,Manual count,25,74,9146,143,1461,290,49,84,19,49,34,525,11349
7405,2007,8,Yorkshire and The Humber,195,Bradford,A644,Major,A647,LA Boundary,410680,430000,53.76625546,-1.83946335,1.2,0.7,Estimated,Estimated using AADF from previous year on this link,15,70,9000,130,1540,270,45,87,15,42,33,492,11232
7405,2008,8,Yorkshire and The Humber,195,Bradford,A644,Major,A647,LA Boundary,410680,430000,53.76625546,-1.83946335,1.2,0.7,Estimated,Estimated using AADF from previous year on this link,18,67,8802,114,1572,269,50,91,14,37,31,492,11047
7405,2009,8,Yorkshire and The Humber,195,Bradford,A644,Major,A647,LA Boundary,410680,430000,53.76625546,-1.83946335,1.2,0.7,Estimated,Estimated using AADF from previous year on this link,18,74,8995,112,1596,245,50,86,13,32,31,457,11234
7405,2010,8,Yorkshire and The Humber,195,Bradford,A644,Major,A647,LA Boundary,410680,430000,53.76625546,-1.83946335,1.2,0.7,Estimated,Estimated using AADF from previous year on this link,18,70,8941,127,1705,261,50,75,15,30,31,462,11305
7405,2011,8,Yorkshire and The Humber,195,Bradford,A644,Major,A647,LA Boundary,410680,430000,53.76625546,-1.83946335,1.2,0.7,Estimated,Estimated using AADF from previous year on this link,20,59,8914,120,1903,265,55,86,12,31,35,484,11480
7405,2012,8,Yorkshire and The Humber,195,Bradford,A644,Major,A647,LA Boundary,410680,430000,53.76625546,-1.83946335,1.2,0.7,Estimated,Estimated using AADF from previous year on this link,19,56,8775,130,1926,268,60,98,8,28,33,495,11383
7405,2013,8,Yorkshire and The Humber,195,Bradford,A644,Major,A647,LA Boundary,410680,430000,53.76625546,-1.83946335,1.2,0.7,Estimated,Estimated using AADF from previous year on this link,19,63,8698,136,2001,270,65,111,6,26,34,513,11411
7405,2014,8,Yorkshire and The Humber,195,Bradford,A644,Major,A647,LA Boundary,410680,430000,53.76625546,-1.83946335,1.2,0.7,Estimated,Estimated using AADF from previous year on this link,18,60,8933,131,2140,277,72,122,6,21,32,530,11795
7405,2015,8,Yorkshire and The Humber,195,Bradford,A644,Major,A647,LA Boundary,410680,430000,53.76625546,-1.83946335,1.2,0.7,Counted,Manual count,39,64,10206,41,1610,317,36,60,29,47,36,525,12446
7405,2016,8,Yorkshire and The Humber,195,Bradford,A644,Major,A647,LA Boundary,410680,430000,53.76625546,-1.83946335,1.2,0.7,Estimated,Estimated using AADF from previous year on this link,36,63,10365,38,1758,321,36,68,31,42,35,532,12756
7405,2017,8,Yorkshire and The Humber,195,Bradford,A644,Major,A647,LA Boundary,410680,430000,53.76625546,-1.83946335,1.2,0.7,Estimated,Estimated using AADF from previous year on this link,35,63,10289,35,1851,319,36,70,32,41,37,535,12773
7405,2018,8,Yorkshire and The Humber,195,Bradford,A644,Major,A647,LA Boundary,410680,430000,53.76625546,-1.83946335,1.2,0.7,Estimated,Estimated using AADF from previous year on this link,38,63,10175,32,1885,322,36,68,32,43,38,539,12695
7405,2019,8,Yorkshire and The Humber,195,Bradford,A644,Major,A647,LA Boundary,410680,430000,53.76625546,-1.83946335,1.2,0.7,Estimated,Estimated using AADF from previous year on this link,42,59,10303,33,1869,318,37,68,33,44,38,538,12801
7405,2020,8,Yorkshire and The Humber,195,Bradford,A644,Major,A647,LA Boundary,410680,430000,53.76625546,-1.83946335,1.2,0.7,Estimated,Estimated using AADF from previous year on this link,48,43,7826,21,1649,280,32,61,28,39,33,473,10012
7405,2021,8,Yorkshire and The Humber,195,Bradford,A644,Major,A647,LA Boundary,410680,430000,53.76625546,-1.83946335,1.2,0.7,Estimated,Estimated using AADF from previous year on this link,39,46,8622,21,1798,299,34,66,30,42,36,508,10995
7405,2022,8,Yorkshire and The Humber,195,Bradford,A644,Major,A647,LA Boundary,410680,430000,53.76625546,-1.83946335,1.2,0.7,Estimated,Estimated using AADF from previous year on this link,35,50,9209,23,1949,309,36,71,32,43,36,526,11758
7405,2023,8,Yorkshire and The Humber,195,Bradford,A644,Major,A647,LA Boundary,410680,430000,53.76625546,-1.83946335,1.2,0.7,Counted,Manual count,43,87,10727,36,1944,112,17,89,10,47,31,306,13100
7405,2024,8,Yorkshire and The Humber,195,Bradford,A644,Major,A647,LA Boundary,410680,430000,53.76625546,-1.83946335,1.2,0.7,Estimated,Estimated using AADF from previous year on this link,43,90,10889,36,1979,114,17,87,10,45,30,302,13297
7405,2025,8,Yorkshire and The Humber,195,Bradford,A644,Major,A647,LA Boundary,410680,430000,53.76625546,-1.83946335,1.2,0.7,Estimated,Estimated using AADF from previous year on this link,43,92,10902,35,2020,113,17,89,10,44,29,302,13351
7409,2000,8,Yorkshire and The Humber,195,Bradford,A6181,Major,A641,A650,416330,432800,53.79127648,-1.7536054,0.3,0.2,Estimated,Estimated using AADF from previous year on this link,26,116,20566,272,2262,396,30,17,21,18,17,499,23715
7409,2001,8,Yorkshire and The Humber,195,Bradford,A6181,Major,A641,A650,416330,432800,53.79127648,-1.7536054,0.3,0.2,Estimated,Estimated using AADF from previous year on this link,25,120,20977,277,2253,388,35,17,18,16,19,493,24120
7409,2002,8,Yorkshire and The Humber,195,Bradford,A6181,Major,A641,A650,416350,432790,53.79118598,-1.75330234,0.3,0.2,Estimated,Estimated using AADF from previous year on this link,26,122,20935,283,2257,374,37,17,16,14,21,479,24076
7409,2003,8,Yorkshire and The Humber,195,Bradford,A6181,Major,A641,A650,416350,432790,53.79118598,-1.75330234,0.3,0.2,Estimated,Estimated using AADF from previous year on this link,23,136,20642,253,2460,401,42,20,16,12,23,514,24005
7409,2004,8,Yorkshire and The Humber,195,Bradford,A6181,Major,A641,A650,416350,432790,53.79118598,-1.75330234,0.3,0.2,Estimated,Estimated using AADF from previous year on this link,19,120,20683,235,2438,403,45,22,15,11,26,522,23998
7409,2005,8,Yorkshire and The Humber,195,Bradford,A6181,Major,A641,A650,416350,432790,53.79118598,-1.75330234,0.3,0.2,Counted,Manual count,12,70,14547,410,1457,184,33,9,11,8,15,260,16744
7409,2006,8,Yorkshire and The Humber,195,Bradford,A6181,Major,A641,A650,416350,432790,53.79118598,-1.75330234,0.3,0.2,Estimated,Estimated using AADF from previous year on this link,18,73,14591,403,1480,189,33,10,9,7,15,263,16810
7409,2007,8,Yorkshire and The Humber,195,Bradford,A6181,Major,A641,A650,416350,432790,53.79118598,-1.75330234,0.3,0.2,Estimated,Estimated using AADF from previous year on this link,12,59,14042,346,1557,165,28,9,6,5,13,226,16230
7409,2008,8,Yorkshire and The Humber,195,Bradford,A6181,Major,A641,A650,416350,432790,53.79118598,-1.75330234,0.3,0.2,Estimated,Estimated using AADF from previous year on this link,12,56,13733,301,1591,165,32,10,6,5,12,230,15911
7409,2009,8,Yorkshire and The Humber,195,Bradford,A6181,Major,A641,A650,416350,432790,53.79118598,-1.75330234,0.3,0.2,Estimated,Estimated using AADF from previous year on this link,12,63,14035,298,1615,150,32,10,6,5,12,215,16226
7409,2010,8,Yorkshire and The Humber,195,Bradford,A6181,Major,A641,A650,416350,432790,53.79118598,-1.75330234,0.3,0.2,Counted,Manual count,19,57,11181,418,1277,154,34,37,2,8,7,242,13175
7409,2011,8,Yorkshire and The Humber,195,Bradford,A6181,Major,A641,A650,416350,432790,53.79118598,-1.75330234,0.3,0.2,Estimated,Estimated using AADF from previous year on this link,21,48,11147,395,1425,157,38,43,2,8,8,256,13271
7409,2012,8,Yorkshire and The Humber,195,Bradford,A6181,Major,A641,A650,416350,432790,53.79118598,-1.75330234,0.3,0.2,Estimated,Estimated using AADF from previous year on this link,20,46,10973,430,1442,159,41,49,1,7,8,265,13156
7409,2013,8,Yorkshire and The Humber,195,Bradford,A6181,Major,A641,A650,416350,432790,53.79118598,-1.75330234,0.3,0.2,Estimated,Estimated using AADF from previous year on this link,20,51,10876,449,1499,160,45,56,1,7,8,276,13151
7409,2014,8,Yorkshire and The Humber,195,Bradford,A6181,Major,A641,A650,416350,432790,53.79118598,-1.75330234,0.3,0.2,Estimated,Estimated using AADF from previous year on this link,19,49,11171,432,1603,164,50,61,1,6,7,289,13544
7409,2015,8,Yorkshire and The Humber,195,Bradford,A6181,Major,A641,A650,416350,432790,53.79118598,-1.75330234,0.3,0.2,Estimated,Estimated using AADF from previous year on this link,18,43,11392,466,1681,155,51,58,1,5,7,278,13860
7409,2016,8,Yorkshire and The Humber,195,Bradford,A6181,Major,A641,A650,416350,432790,53.79118598,-1.75330234,0.3,0.2,Estimated,Estimated using AADF from previous year on this link,16,42,11570,431,1836,158,51,65,1,5,7,286,14166
7409,2017,8,Yorkshire and The Humber,195,Bradford,A6181,Major,A641,A650,416350,432790,53.79118598,-1.75330234,0.3,0.2,Estimated,Estimated using AADF from previous year on this link,16,43,11485,403,1932,157,52,67,1,5,7,288,14151
7409,2018,8,Yorkshire and The Humber,195,Bradford,A6181,Major,A641,A650,416350,432790,53.79118598,-1.75330234,0.3,0.2,Counted,Manual count,27,65,14933,883,1128,81,24,4,1,6,6,121,17129
7409,2019,8,Yorkshire and The Humber,195,Bradford,A6181,Major,A641,A650,416350,432790,53.79118598,-1.75330234,0.3,0.2,Estimated,Estimated using AADF from previous year on this link,29,61,15120,892,1118,80,24,4,1,6,6,120,17312
7409,2020,8,Yorkshire and The Humber,195,Bradford,A6181,Major,A641,A650,416350,432790,53.79118598,-1.75330234,0.3,0.2,Estimated,Estimated using AADF from previous year on this link,34,45,11485,564,987,71,21,3,1,5,5,105,13186
7409,2021,8,Yorkshire and The Humber,195,Bradford,A6181,Major,A641,A650,416350,432790,53.79118598,-1.75330234,0.3,0.2,Estimated,Estimated using AADF from previous year on this link,27,48,12653,582,1076,76,22,4,1,5,5,113,14471
7409,2022,8,Yorkshire and The Humber,195,Bradford,A6181,Major,A641,A650,416350,432790,53.79118598,-1.75330234,0.3,0.2,Estimated,Estimated using AADF from previous year on this link,24,52,13515,625,1166,78,23,4,1,6,5,117,15475
7409,2023,8,Yorkshire and The Humber,195,Bradford,A6181,Major,A641,A650,416350,432790,53.79118598,-1.75330234,0.3,0.2,Estimated,Estimated using AADF from previous year on this link,24,52,13769,631,1186,77,23,4,1,5,5,115,15753
7409,2024,8,Yorkshire and The Humber,195,Bradford,A6181,Major,A641,A650,416350,432790,53.79118598,-1.75330234,0.3,0.2,Estimated,Estimated using AADF from previous year on this link,24,53,13978,634,1207,79,23,4,1,5,5,116,15988
7409,2025,8,Yorkshire and The Humber,195,Bradford,A6181,Major,A641,A650,416350,432790,53.79118598,-1.75330234,0.3,0.2,Estimated,Estimated using AADF from previous year on this link,24,54,13994,620,1232,78,23,4,1,5,5,115,16015
7413,2000,8,Yorkshire and The Humber,195,Bradford,A650,Major,A657,A6038,414000,437600,53.83448556,-1.78875582,1.3,0.8,Estimated,Estimated using AADF from previous year on this link,76,136,17971,295,2210,594,49,36,93,123,102,997,21609
7413,2001,8,Yorkshire and The Humber,195,Bradford,A650,Major,A657,A6038,414000,437600,53.83448556,-1.78875582,1.3,0.8,Estimated,Estimated using AADF from previous year on this link,73,140,18330,301,2202,582,57,36,81,105,114,975,21948
7413,2002,8,Yorkshire and The Humber,195,Bradford,A650,Major,A657,A6038,414000,437600,53.83448556,-1.78875582,1.3,0.8,Counted,Manual count,85,153,17813,359,2058,386,69,45,94,149,82,825,21208
7413,2003,8,Yorkshire and The Humber,195,Bradford,A650,Major,A657,A6038,414000,437600,53.83448556,-1.78875582,1.3,0.8,Estimated,Estimated using AADF from previous year on this link,76,172,17563,320,2243,414,78,52,90,132,90,856,21154
7413,2004,8,Yorkshire and The Humber,195,Bradford,A650,Major,A657,A6038,414000,437600,53.83448556,-1.78875582,1.3,0.8,Counted,Manual count,108,168,17562,314,2316,490,76,109,108,186,118,1087,21447
7413,2005,8,Yorkshire and The Humber,195,Bradford,A650,Major,A657,A6038,414000,437600,53.83448556,-1.78875582,1.3,0.8,Estimated,Estimated using AADF from previous year on this link,92,170,17123,308,2376,471,71,111,94,161,124,1032,21009
7413,2006,8,Yorkshire and The Humber,195,Bradford,A650,Major,A657,A6038,414000,437600,53.83448556,-1.78875582,1.3,0.8,Estimated,Estimated using AADF from previous year on this link,144,178,17174,304,2414,481,71,120,86,144,135,1037,21107
7413,2007,8,Yorkshire and The Humber,195,Bradford,A650,Major,A657,A6038,414000,437600,53.83448556,-1.78875582,1.3,0.8,Estimated,Estimated using AADF from previous year on this link,90,178,16367,292,2634,476,71,130,73,136,138,1024,20495
7413,2008,8,Yorkshire and The Humber,195,Bradford,A650,Major,A657,A6038,414000,437600,53.83448556,-1.78875582,1.3,0.8,Counted,Manual count,169,179,18653,370,2717,462,63,48,90,156,96,915,22834
7413,2009,8,Yorkshire and The Humber,195,Bradford,A650,Major,A657,A6038,414000,437600,53.83448556,-1.78875582,1.3,0.8,Estimated,Estimated using AADF from previous year on this link,169,169,18354,362,2943,445,66,48,85,138,96,878,22706
7413,2010,8,Yorkshire and The Humber,195,Bradford,A650,Major,A657,A6038,414000,437600,53.83448556,-1.78875582,1.3,0.8,Estimated,Estimated using AADF from previous year on this link,169,156,17969,381,2958,441,62,39,91,120,89,842,22306
7413,2011,8,Yorkshire and The Humber,195,Bradford,A650,Major,A657,A6038,414000,437600,53.83448556,-1.78875582,1.3,0.8,Estimated,Estimated using AADF from previous year on this link,187,165,17879,381,3049,439,66,44,70,118,94,831,22305
7413,2012,8,Yorkshire and The Humber,195,Bradford,A650,Major,A657,A6038,414000,437600,53.83448556,-1.78875582,1.3,0.8,Counted,Manual count,103,160,17507,328,2368,326,58,56,78,164,143,825,21188
7413,2013,8,Yorkshire and The Humber,195,Bradford,A650,Major,A657,A6038,414000,437600,53.83448556,-1.78875582,1.3,0.8,Estimated,Estimated using AADF from previous year on this link,101,160,17408,309,2395,326,62,63,57,154,143,805,21076
7413,2014,8,Yorkshire and The Humber,195,Bradford,A650,Major,A657,A6038,414000,437600,53.83448556,-1.78875582,1.3,0.8,Estimated,Estimated using AADF from previous year on this link,98,170,17227,328,2727,344,71,71,61,150,161,859,21311
7413,2015,8,Yorkshire and The Humber,195,Bradford,A650,Major,A657,A6038,414000,437600,53.83448556,-1.78875582,1.3,0.8,Estimated,Estimated using AADF from previous year on this link,92,173,16911,325,2868,334,75,69,74,148,159,860,21137
7413,2016,8,Yorkshire and The Humber,195,Bradford,A650,Major,A657,A6038,414000,437600,53.83448556,-1.78875582,1.3,0.8,Estimated,Estimated using AADF from previous year on this link,85,169,17175,301,3133,339,74,78,77,131,157,857,21635
7413,2017,8,Yorkshire and The Humber,195,Bradford,A650,Major,A657,A6038,414000,437600,53.83448556,-1.78875582,1.3,0.8,Estimated,Estimated using AADF from previous year on this link,82,171,17048,281,3298,337,76,80,80,131,163,866,21665
7413,2018,8,Yorkshire and The Humber,195,Bradford,A650,Major,A657,A6038,413987,437602,53.83450388,-1.78895326,1.3,0.8,Counted,Manual count,123,77,15454,308,2418,351,88,160,40,174,144,956,19213
7413,2019,8,Yorkshire and The Humber,195,Bradford,A650,Major,A657,A6038,413987,437602,53.83450388,-1.78895326,1.3,0.8,Estimated,Estimated using AADF from previous year on this link,135,72,15648,311,2397,346,89,161,41,179,144,960,19388
7413,2020,8,Yorkshire and The Humber,195,Bradford,A650,Major,A657,A6038,413987,437602,53.83450388,-1.78895326,1.3,0.8,Estimated,Estimated using AADF from previous year on this link,155,53,11886,197,2115,305,78,144,35,159,125,845,15096
7413,2021,8,Yorkshire and The Humber,195,Bradford,A650,Major,A657,A6038,413987,437602,53.83450388,-1.78895326,1.3,0.8,Estimated,Estimated using AADF from previous year on this link,126,56,13095,203,2306,326,83,157,38,169,134,907,16567
7413,2022,8,Yorkshire and The Humber,195,Bradford,A650,Major,A657,A6038,413987,437602,53.83450388,-1.78895326,1.3,0.8,Counted,Manual count,124,91,16250,250,2179,494,72,66,40,194,184,1051,19821
7413,2023,8,Yorkshire and The Humber,195,Bradford,A650,Major,A657,A6038,413987,437602,53.83450388,-1.78895326,1.3,0.8,Estimated,Estimated using AADF from previous year on this link,122,89,16556,252,2216,488,71,65,40,189,177,1031,20144
7413,2024,8,Yorkshire and The Humber,195,Bradford,A650,Major,A657,A6038,413987,437602,53.83450388,-1.78895326,1.3,0.8,Estimated,Estimated using AADF from previous year on this link,124,92,16807,253,2256,495,71,64,39,183,171,1024,20432
7413,2025,8,Yorkshire and The Humber,195,Bradford,A650,Major,A657,A6038,413987,437602,53.83450388,-1.78895326,1.3,0.8,Estimated,Estimated using AADF from previous year on this link,124,94,16827,248,2302,490,72,65,40,179,168,1014,20484
7421,2000,8,Yorkshire and The Humber,195,Bradford,A658,Major,A650,A6177,417040,434000,53.80203937,-1.74276264,2.4,1.5,Estimated,Estimated using AADF from previous year on this link,39,72,12989,332,1357,256,14,13,10,8,6,307,15057
7421,2001,8,Yorkshire and The Humber,195,Bradford,A658,Major,A650,A6177,417040,434000,53.80203937,-1.74276264,2.4,1.5,Counted,Manual count,36,83,13639,394,1416,159,29,18,7,16,5,234,15766
7421,2002,8,Yorkshire and The Humber,195,Bradford,A658,Major,A650,A6177,417040,434000,53.80203937,-1.74276264,2.4,1.5,Estimated,Estimated using AADF from previous year on this link,38,87,13857,398,1518,150,29,18,7,14,5,223,16083
7421,2003,8,Yorkshire and The Humber,195,Bradford,A658,Major,A650,A6177,417040,434000,53.80203937,-1.74276264,2.4,1.5,Counted,Manual count,30,81,12137,340,1294,151,28,23,10,12,5,229,14081
7421,2004,8,Yorkshire and The Humber,195,Bradford,A658,Major,A650,A6177,417040,434000,53.80203937,-1.74276264,2.4,1.5,Estimated,Estimated using AADF from previous year on this link,24,53,12295,279,1424,184,35,31,10,11,5,276,14327
7421,2005,8,Yorkshire and The Humber,195,Bradford,A658,Major,A650,A6177,417040,434000,53.80203937,-1.74276264,2.4,1.5,Counted,Manual count,22,51,12129,370,1350,105,31,23,7,5,7,178,14078
7421,2006,8,Yorkshire and The Humber,195,Bradford,A658,Major,A650,A6177,417040,434000,53.80203937,-1.74276264,2.4,1.5,Estimated,Estimated using AADF from previous year on this link,36,45,11899,343,1370,100,29,23,6,5,7,170,13827
7421,2007,8,Yorkshire and The Humber,195,Bradford,A658,Major,A650,A6177,417040,434000,53.80203937,-1.74276264,2.4,1.5,Counted,Manual count,24,52,12263,337,1285,116,30,17,2,11,5,181,14118
7421,2008,8,Yorkshire and The Humber,195,Bradford,A658,Major,A650,A6177,417040,434000,53.80203937,-1.74276264,2.4,1.5,Estimated,Estimated using AADF from previous year on this link,28,50,11993,293,1312,116,34,18,2,9,5,184,13832
7421,2009,8,Yorkshire and The Humber,195,Bradford,A658,Major,A650,A6177,417040,434000,53.80203937,-1.74276264,2.4,1.5,Estimated,Estimated using AADF from previous year on this link,28,55,12257,289,1331,106,34,17,2,7,5,171,14103
7421,2010,8,Yorkshire and The Humber,195,Bradford,A658,Major,A650,A6177,417040,434000,53.80203937,-1.74276264,2.4,1.5,Estimated,Estimated using AADF from previous year on this link,28,52,12184,328,1422,112,34,15,2,7,5,175,14161
7421,2011,8,Yorkshire and The Humber,195,Bradford,A658,Major,A650,A6177,417040,434000,53.80203937,-1.74276264,2.4,1.5,Estimated,Estimated using AADF from previous year on this link,30,44,12147,310,1587,114,37,17,2,7,5,182,14270
7421,2012,8,Yorkshire and The Humber,195,Bradford,A658,Major,A650,A6177,417040,434000,53.80203937,-1.74276264,2.4,1.5,Estimated,Estimated using AADF from previous year on this link,28,42,11957,337,1606,115,40,19,1,6,5,187,14130
7421,2013,8,Yorkshire and The Humber,195,Bradford,A658,Major,A650,A6177,417040,434000,53.80203937,-1.74276264,2.4,1.5,Estimated,Estimated using AADF from previous year on this link,28,47,11852,352,1669,116,44,22,1,6,5,194,14114
7421,2014,8,Yorkshire and The Humber,195,Bradford,A658,Major,A650,A6177,417040,434000,53.80203937,-1.74276264,2.4,1.5,Estimated,Estimated using AADF from previous year on this link,27,45,12173,339,1785,119,49,24,1,5,5,202,14544
7421,2015,8,Yorkshire and The Humber,195,Bradford,A658,Major,A650,A6177,417040,434000,53.80203937,-1.74276264,2.4,1.5,Estimated,Estimated using AADF from previous year on this link,25,40,12414,365,1872,113,50,23,1,5,4,196,14887
7421,2016,8,Yorkshire and The Humber,195,Bradford,A658,Major,A650,A6177,417040,434000,53.80203937,-1.74276264,2.4,1.5,Counted,Automatic counter,24,42,13563,364,2200,123,53,28,1,4,5,214,16383
7421,2017,8,Yorkshire and The Humber,195,Bradford,A658,Major,A650,A6177,417040,434000,53.80203937,-1.74276264,2.4,1.5,Counted,Automatic counter,23,42,13388,338,2303,122,54,28,1,4,5,214,16285
7421,2018,8,Yorkshire and The Humber,195,Bradford,A658,Major,A650,A6177,417040,434000,53.80203937,-1.74276264,2.4,1.5,Counted,Automatic counter,26,42,13437,311,2381,125,54,28,1,5,5,218,16389
7421,2019,8,Yorkshire and The Humber,195,Bradford,A658,Major,A650,A6177,417040,434000,53.80203937,-1.74276264,2.4,1.5,Counted,Automatic counter,28,40,13865,320,2405,125,57,28,1,5,5,222,16853
7421,2020,8,Yorkshire and The Humber,195,Bradford,A658,Major,A650,A6177,417040,434000,53.80203937,-1.74276264,2.4,1.5,Counted,Automatic counter,32,31,11076,213,2233,116,52,27,1,4,5,205,13757
7421,2021,8,Yorkshire and The Humber,195,Bradford,A658,Major,A650,A6177,417040,434000,53.80203937,-1.74276264,2.4,1.5,Counted,Automatic counter,26,32,11947,215,2383,121,55,29,1,5,5,215,14793
7421,2022,8,Yorkshire and The Humber,195,Bradford,A658,Major,A650,A6177,417040,434000,53.80203937,-1.74276264,2.4,1.5,Counted,Automatic counter,23,36,12860,233,2604,126,57,31,1,5,5,225,15958
7421,2023,8,Yorkshire and The Humber,195,Bradford,A658,Major,A650,A6177,417040,434000,53.80203937,-1.74276264,2.4,1.5,Counted,Automatic counter,23,35,13150,236,2656,125,56,30,1,5,5,223,16300
7421,2024,8,Yorkshire and The Humber,195,Bradford,A658,Major,A650,A6177,417040,434000,53.80203937,-1.74276264,2.4,1.5,Counted,Automatic counter,23,37,13562,241,2746,129,56,30,1,5,5,227,16813
7421,2025,8,Yorkshire and The Humber,195,Bradford,A658,Major,A650,A6177,417040,434000,53.80203937,-1.74276264,2.4,1.5,Counted,Automatic counter,23,39,13981,243,2886,132,58,32,1,5,5,233,17382
7734,2000,8,Yorkshire and The Humber,195,Bradford,A6038,Major,A6037,A657,414880,437400,53.83266379,-1.77539438,0.6,0.4,Estimated,Estimated using AADF from previous year on this link,48,152,25567,300,2832,538,36,72,42,46,38,772,29623
7734,2001,8,Yorkshire and The Humber,195,Bradford,A6038,Major,A6037,A657,414880,437400,53.83266379,-1.77539438,0.6,0.4,Estimated,Estimated using AADF from previous year on this link,46,158,26078,305,2820,527,41,72,36,39,43,758,30119
7734,2002,8,Yorkshire and The Humber,195,Bradford,A6038,Major,A6037,A657,414880,437400,53.83266379,-1.77539438,0.6,0.4,Counted,Manual count,77,251,27317,307,2511,447,58,27,32,101,47,712,31098
7734,2003,8,Yorkshire and The Humber,195,Bradford,A6038,Major,A6037,A657,414880,437400,53.83266379,-1.77539438,0.6,0.4,Estimated,Estimated using AADF from previous year on this link,69,281,26934,274,2737,480,65,32,30,90,52,749,30975
7734,2004,8,Yorkshire and The Humber,195,Bradford,A6038,Major,A6037,A657,414880,437400,53.83266379,-1.77539438,0.6,0.4,Estimated,Estimated using AADF from previous year on this link,55,249,26989,255,2713,482,69,34,29,79,56,749,30955
7734,2005,8,Yorkshire and The Humber,195,Bradford,A6038,Major,A6037,A657,414880,437400,53.83266379,-1.77539438,0.6,0.4,Estimated,Estimated using AADF from previous year on this link,47,251,26314,251,2783,463,65,36,25,68,60,717,30316
7734,2006,8,Yorkshire and The Humber,195,Bradford,A6038,Major,A6037,A657,414880,437400,53.83266379,-1.77539438,0.6,0.4,Estimated,Estimated using AADF from previous year on this link,73,261,26392,247,2827,473,65,38,23,62,65,726,30453
7734,2007,8,Yorkshire and The Humber,195,Bradford,A6038,Major,A6037,A657,414880,437400,53.83266379,-1.77539438,0.6,0.4,Estimated,Estimated using AADF from previous year on this link,46,263,25152,237,3084,467,64,41,20,58,65,715,29451
7734,2008,8,Yorkshire and The Humber,195,Bradford,A6038,Major,A6037,A657,414880,437400,53.83266379,-1.77539438,0.6,0.4,Estimated,Estimated using AADF from previous year on this link,52,245,24674,240,3230,449,69,42,18,51,65,694,29083
7734,2009,8,Yorkshire and The Humber,195,Bradford,A6038,Major,A6037,A657,414880,437400,53.83266379,-1.77539438,0.6,0.4,Counted,Manual count,87,196,24370,360,2638,293,65,94,37,69,56,614,28178
7734,2010,8,Yorkshire and The Humber,195,Bradford,A6038,Major,A6037,A657,414880,437400,53.83266379,-1.77539438,0.6,0.4,Estimated,Estimated using AADF from previous year on this link,87,181,23859,379,2651,291,61,77,40,60,52,581,27651
7734,2011,8,Yorkshire and The Humber,195,Bradford,A6038,Major,A6037,A657,414880,437400,53.83266379,-1.77539438,0.6,0.4,Estimated,Estimated using AADF from previous year on this link,96,192,23740,379,2733,290,65,87,31,60,55,588,27632
7734,2012,8,Yorkshire and The Humber,195,Bradford,A6038,Major,A6037,A657,414880,437400,53.83266379,-1.77539438,0.6,0.4,Estimated,Estimated using AADF from previous year on this link,91,173,23639,407,2625,256,62,87,22,56,55,538,27382
7734,2013,8,Yorkshire and The Humber,195,Bradford,A6038,Major,A6037,A657,414880,437400,53.83266379,-1.77539438,0.6,0.4,Counted,Manual count,115,180,21749,354,3000,495,76,138,39,95,75,917,26200
7734,2014,8,Yorkshire and The Humber,195,Bradford,A6038,Major,A6037,A657,414880,437400,53.83266379,-1.77539438,0.6,0.4,Estimated,Estimated using AADF from previous year on this link,112,191,21524,376,3416,523,87,156,41,93,84,984,26490
7734,2015,8,Yorkshire and The Humber,195,Bradford,A6038,Major,A6037,A657,414880,437400,53.83266379,-1.77539438,0.6,0.4,Estimated,Estimated using AADF from previous year on this link,104,195,21129,372,3593,508,91,151,50,91,83,976,26265
7734,2016,8,Yorkshire and The Humber,195,Bradford,A6038,Major,A6037,A657,414880,437400,53.83266379,-1.77539438,0.6,0.4,Estimated,Estimated using AADF from previous year on this link,97,190,21458,345,3924,516,90,171,52,81,82,992,26910
7734,2017,8,Yorkshire and The Humber,195,Bradford,A6038,Major,A6037,A657,414880,437400,53.83266379,-1.77539438,0.6,0.4,Counted,Manual count,104,186,21690,250,3028,293,43,53,32,95,52,567,25722
7734,2018,8,Yorkshire and The Humber,195,Bradford,A6038,Major,A6037,A657,414880,437400,53.83266379,-1.77539438,0.6,0.4,Estimated,Estimated using AADF from previous year on this link,115,184,21452,227,3085,295,42,51,33,98,54,574,25521
7734,2019,8,Yorkshire and The Humber,195,Bradford,A6038,Major,A6037,A657,414880,437400,53.83266379,-1.77539438,0.6,0.4,Estimated,Estimated using AADF from previous year on this link,126,173,21721,229,3058,292,43,51,34,101,54,575,25755
7734,2020,8,Yorkshire and The Humber,195,Bradford,A6038,Major,A6037,A657,414880,437400,53.83266379,-1.77539438,0.6,0.4,Estimated,Estimated using AADF from previous year on this link,144,128,16498,145,2699,256,37,46,29,89,47,505,19975
7734,2021,8,Yorkshire and The Humber,195,Bradford,A6038,Major,A6037,A657,414880,437400,53.83266379,-1.77539438,0.6,0.4,Counted,Manual count,59,120,17353,235,2854,424,78,103,20,45,139,809,21370
7734,2022,8,Yorkshire and The Humber,195,Bradford,A6038,Major,A6037,A657,414880,437400,53.83266379,-1.77539438,0.6,0.4,Estimated,Estimated using AADF from previous year on this link,53,131,18535,252,3094,439,80,110,21,46,142,837,22849
7734,2023,8,Yorkshire and The Humber,195,Bradford,A6038,Major,A6037,A657,414880,437400,53.83266379,-1.77539438,0.6,0.4,Estimated,Estimated using AADF from previous year on this link,52,129,18883,254,3146,433,79,108,21,45,136,823,23236
7734,2024,8,Yorkshire and The Humber,195,Bradford,A6038,Major,A6037,A657,414880,437400,53.83266379,-1.77539438,0.6,0.4,Estimated,Estimated using AADF from previous year on this link,53,133,19170,256,3202,440,79,105,20,44,132,820,23581
7734,2025,8,Yorkshire and The Humber,195,Bradford,A6038,Major,A6037,A657,414880,437400,53.83266379,-1.77539438,0.6,0.4,Estimated,Estimated using AADF from previous year on this link,53,136,19193,250,3268,435,80,108,21,43,129,816,23662
7853,2000,8,Yorkshire and The Humber,195,Bradford,A6177,Major,A650,Bolton Lane,415700,434600,53.80747383,-1.76307752,0.4,0.2,Estimated,Estimated using AADF from previous year on this link,30,148,16236,133,2238,369,25,12,30,26,24,486,19241
7853,2001,8,Yorkshire and The Humber,195,Bradford,A6177,Major,A650,Bolton Lane,415700,434600,53.80747383,-1.76307752,0.4,0.2,Estimated,Estimated using AADF from previous year on this link,29,155,15733,140,2254,352,28,12,24,20,24,460,18742
7853,2002,8,Yorkshire and The Humber,195,Bradford,A6177,Major,A650,Bolton Lane,415700,434600,53.80747383,-1.76307752,0.4,0.2,Counted,Manual count,23,100,14906,141,1640,304,30,71,15,27,13,460,17247
7853,2003,8,Yorkshire and The Humber,195,Bradford,A6177,Major,A650,Bolton Lane,415700,434600,53.80747383,-1.76307752,0.4,0.2,Estimated,Estimated using AADF from previous year on this link,20,142,14355,137,1781,295,30,75,15,24,15,454,16869
7853,2004,8,Yorkshire and The Humber,195,Bradford,A6177,Major,A650,Bolton Lane,415700,434600,53.80747383,-1.76307752,0.4,0.2,Estimated,Estimated using AADF from previous year on this link,17,93,14542,112,1961,359,39,100,15,22,16,551,17259
7853,2005,8,Yorkshire and The Humber,195,Bradford,A6177,Major,A650,Bolton Lane,415700,434600,53.80747383,-1.76307752,0.4,0.2,Estimated,Estimated using AADF from previous year on this link,14,77,13872,106,2091,389,41,115,12,18,16,591,16737
7853,2006,8,Yorkshire and The Humber,195,Bradford,A6177,Major,A650,Bolton Lane,415700,434600,53.80747383,-1.76307752,0.4,0.2,Estimated,Estimated using AADF from previous year on this link,22,67,13609,99,2121,375,39,117,10,15,16,572,16468
7853,2007,8,Yorkshire and The Humber,195,Bradford,A6177,Major,A650,Bolton Lane,415700,434600,53.80747383,-1.76307752,0.4,0.2,Estimated,Estimated using AADF from previous year on this link,14,64,13391,90,2234,349,36,119,8,12,15,539,16318
7853,2008,8,Yorkshire and The Humber,195,Bradford,A6177,Major,A650,Bolton Lane,415700,434600,53.80747383,-1.76307752,0.4,0.2,Estimated,Estimated using AADF from previous year on this link,15,61,13096,78,2281,348,41,126,7,11,15,548,16064
7853,2009,8,Yorkshire and The Humber,195,Bradford,A6177,Major,A650,Bolton Lane,415700,434600,53.80747383,-1.76307752,0.4,0.2,Counted,Manual count,42,57,16421,85,1863,135,22,14,8,12,13,204,18630
7853,2010,8,Yorkshire and The Humber,195,Bradford,A6177,Major,A650,Bolton Lane,415700,434600,53.80747383,-1.76307752,0.4,0.2,Estimated,Estimated using AADF from previous year on this link,42,55,16322,96,1989,143,22,12,9,12,13,211,18673
7853,2011,8,Yorkshire and The Humber,195,Bradford,A6177,Major,A650,Bolton Lane,415700,434600,53.80747383,-1.76307752,0.4,0.2,Estimated,Estimated using AADF from previous year on this link,46,46,16273,90,2220,145,24,14,8,12,15,218,18847
7853,2012,8,Yorkshire and The Humber,195,Bradford,A6177,Major,A650,Bolton Lane,415700,434600,53.80747383,-1.76307752,0.4,0.2,Estimated,Estimated using AADF from previous year on this link,44,44,16019,98,2246,147,26,16,6,11,14,219,18627
7853,2013,8,Yorkshire and The Humber,195,Bradford,A6177,Major,A650,Bolton Lane,415700,434600,53.80747383,-1.76307752,0.4,0.2,Estimated,Estimated using AADF from previous year on this link,43,49,15878,102,2335,148,28,18,4,10,15,223,18587
7853,2014,8,Yorkshire and The Humber,195,Bradford,A6177,Major,A650,Bolton Lane,415700,434600,53.80747383,-1.76307752,0.4,0.2,Estimated,Estimated using AADF from previous year on this link,42,47,16308,98,2497,151,32,20,4,8,14,228,19179
7853,2015,8,Yorkshire and The Humber,195,Bradford,A6177,Major,A650,Bolton Lane,415700,434600,53.80747383,-1.76307752,0.4,0.2,Estimated,Estimated using AADF from previous year on this link,39,41,16631,106,2618,144,32,19,4,8,13,220,19617
7853,2016,8,Yorkshire and The Humber,195,Bradford,A6177,Major,A650,Bolton Lane,415698,434610,53.80756377,-1.76310739,0.4,0.2,Counted,Manual count,21,41,15384,20,1984,161,32,17,12,38,10,269,17697
7853,2017,8,Yorkshire and The Humber,195,Bradford,A6177,Major,A650,Bolton Lane,415698,434610,53.80756377,-1.76310739,0.4,0.2,Estimated,Estimated using AADF from previous year on this link,20,41,15270,19,2088,159,33,17,12,37,10,270,17688
7853,2018,8,Yorkshire and The Humber,195,Bradford,A6177,Major,A650,Bolton Lane,415698,434610,53.80756377,-1.76310739,0.4,0.2,Estimated,Estimated using AADF from previous year on this link,22,41,15102,17,2127,161,33,17,13,39,11,273,17560
7853,2019,8,Yorkshire and The Humber,195,Bradford,A6177,Major,A650,Bolton Lane,415698,434610,53.80756377,-1.76310739,0.4,0.2,Estimated,Estimated using AADF from previous year on this link,24,38,15292,17,2109,159,33,17,13,40,11,273,17728
7853,2020,8,Yorkshire and The Humber,195,Bradford,A6177,Major,A650,Bolton Lane,415698,434610,53.80756377,-1.76310739,0.4,0.2,Estimated,Estimated using AADF from previous year on this link,28,28,11615,11,1861,140,29,15,11,35,9,239,13755
7853,2021,8,Yorkshire and The Humber,195,Bradford,A6177,Major,A650,Bolton Lane,415698,434610,53.80756377,-1.76310739,0.4,0.2,Estimated,Estimated using AADF from previous year on this link,22,30,12797,11,2029,149,31,17,12,38,10,257,15123
7853,2022,8,Yorkshire and The Humber,195,Bradford,A6177,Major,A650,Bolton Lane,415698,434610,53.80756377,-1.76310739,0.4,0.2,Estimated,Estimated using AADF from previous year on this link,20,33,13668,12,2199,155,32,18,12,39,10,266,16177
7853,2023,8,Yorkshire and The Humber,195,Bradford,A6177,Major,A650,Bolton Lane,415698,434610,53.80756377,-1.76310739,0.4,0.2,Estimated,Estimated using AADF from previous year on this link,20,32,13925,12,2237,153,31,17,12,38,10,261,16467
7853,2024,8,Yorkshire and The Humber,195,Bradford,A6177,Major,A650,Bolton Lane,415698,434610,53.80756377,-1.76310739,0.4,0.2,Counted,Manual count,42,26,16615,21,1767,95,35,53,8,18,46,254,18683
7853,2025,8,Yorkshire and The Humber,195,Bradford,A6177,Major,A650,Bolton Lane,415698,434610,53.80756377,-1.76310739,0.4,0.2,Estimated,Estimated using AADF from previous year on this link,42,26,16635,20,1803,94,35,55,8,18,45,253,18738
8524,2000,8,Yorkshire and The Humber,195,Bradford,A6035,Major,A6035 Bradford Rd,A629,406265,441340,53.86824875,-1.90621418,0.4,0.2,Estimated,Estimated using AADF from previous year on this link,39,63,9457,301,1078,203,12,3,14,1,4,237,11136
8524,2001,8,Yorkshire and The Humber,195,Bradford,A6035,Major,A6035 Bradford Rd,A629,406265,441340,53.86824875,-1.90621418,0.4,0.2,Estimated,Estimated using AADF from previous year on this link,37,66,9164,315,1086,194,14,3,12,1,4,228,10859
8524,2002,8,Yorkshire and The Humber,195,Bradford,A6035,Major,A6035 Bradford Rd,A629,406265,441340,53.86824875,-1.90621418,0.4,0.2,Estimated,Estimated using AADF from previous year on this link,39,68,9311,317,1164,183,14,3,10,1,4,215,11075
8524,2003,8,Yorkshire and The Humber,195,Bradford,A6035,Major,A6035 Bradford Rd,A629,406265,441340,53.86824875,-1.90621418,0.4,0.2,Estimated,Estimated using AADF from previous year on this link,35,97,8967,308,1264,177,14,3,10,1,4,209,10845
8524,2004,8,Yorkshire and The Humber,195,Bradford,A6035,Major,A6035 Bradford Rd,A629,406265,441340,53.86824875,-1.90621418,0.4,0.2,Counted,Manual count,23,58,9778,381,936,156,17,13,7,4,2,199,11352
8524,2005,8,Yorkshire and The Humber,195,Bradford,A6035,Major,A6035 Bradford Rd,A629,406265,441340,53.86824875,-1.90621418,0.4,0.2,Estimated,Estimated using AADF from previous year on this link,20,48,9329,360,998,169,17,14,5,4,2,211,10946
8524,2006,8,Yorkshire and The Humber,195,Bradford,A6035,Major,A6035 Bradford Rd,A629,406265,441340,53.86824875,-1.90621418,0.4,0.2,Estimated,Estimated using AADF from previous year on this link,31,42,9151,334,1012,163,17,14,4,2,2,202,10741
8524,2007,8,Yorkshire and The Humber,195,Bradford,A6035,Major,A6035 Bradford Rd,A629,406265,441340,53.86824875,-1.90621418,0.4,0.2,Estimated,Estimated using AADF from previous year on this link,20,40,9005,304,1066,151,15,15,4,2,2,189,10604
8524,2008,8,Yorkshire and The Humber,195,Bradford,A6035,Major,A6035 Bradford Rd,A629,406265,441340,53.86824875,-1.90621418,0.4,0.2,Estimated,Estimated using AADF from previous year on this link,22,38,8807,264,1088,151,17,16,3,2,2,191,10388
8524,2009,8,Yorkshire and The Humber,195,Bradford,A6035,Major,A6035 Bradford Rd,A629,406265,441340,53.86824875,-1.90621418,0.4,0.2,Estimated,Estimated using AADF from previous year on this link,22,42,9001,261,1104,138,17,15,3,2,2,177,10585
8524,2010,8,Yorkshire and The Humber,195,Bradford,A6035,Major,A6035 Bradford Rd,A629,406265,441340,53.86824875,-1.90621418,0.4,0.2,Estimated,Estimated using AADF from previous year on this link,22,40,8947,296,1180,147,17,13,3,2,2,184,10647
8524,2011,8,Yorkshire and The Humber,195,Bradford,A6035,Major,A6035 Bradford Rd,A629,406265,441340,53.86824875,-1.90621418,0.4,0.2,Estimated,Estimated using AADF from previous year on this link,24,34,8920,280,1316,149,19,15,3,2,2,190,10740
8524,2012,8,Yorkshire and The Humber,195,Bradford,A6035,Major,A6035 Bradford Rd,A629,406265,441340,53.86824875,-1.90621418,0.4,0.2,Counted,Manual count,32,46,9624,431,922,81,11,2,4,2,2,102,11126
8524,2013,8,Yorkshire and The Humber,195,Bradford,A6035,Major,A6035 Bradford Rd,A629,406265,441340,53.86824875,-1.90621418,0.4,0.2,Estimated,Estimated using AADF from previous year on this link,31,52,9539,451,959,82,12,2,3,2,2,102,11103
8524,2014,8,Yorkshire and The Humber,195,Bradford,A6035,Major,A6035 Bradford Rd,A629,406265,441340,53.86824875,-1.90621418,0.4,0.2,Estimated,Estimated using AADF from previous year on this link,30,50,9798,434,1025,84,13,2,2,2,2,105,11412
8524,2015,8,Yorkshire and The Humber,195,Bradford,A6035,Major,A6035 Bradford Rd,A629,406265,441340,53.86824875,-1.90621418,0.4,0.2,Estimated,Estimated using AADF from previous year on this link,28,44,9992,468,1075,79,13,2,3,2,2,101,11679
8524,2016,8,Yorkshire and The Humber,195,Bradford,A6035,Major,A6035 Bradford Rd,A629,406265,441340,53.86824875,-1.90621418,0.4,0.2,Estimated,Estimated using AADF from previous year on this link,26,43,10148,433,1174,80,13,3,3,1,2,102,11900
8524,2017,8,Yorkshire and The Humber,195,Bradford,A6035,Major,A6035 Bradford Rd,A629,406265,441340,53.86824875,-1.90621418,0.4,0.2,Estimated,Estimated using AADF from previous year on this link,25,43,10073,404,1236,80,13,3,3,1,2,102,11859
8524,2018,8,Yorkshire and The Humber,195,Bradford,A6035,Major,A6035 Bradford Rd,A629,406265,441340,53.86824875,-1.90621418,0.4,0.2,Estimated,Estimated using AADF from previous year on this link,28,43,9962,367,1259,80,13,3,3,2,2,103,11734
8524,2019,8,Yorkshire and The Humber,195,Bradford,A6035,Major,A6035 Bradford Rd,A629,406265,441340,53.86824875,-1.90621418,0.4,0.2,Estimated,Estimated using AADF from previous year on this link,31,40,10087,371,1249,80,13,3,3,2,2,102,11849
8524,2020,8,Yorkshire and The Humber,195,Bradford,A6035,Major,A6035 Bradford Rd,A629,406265,441340,53.86824875,-1.90621418,0.4,0.2,Counted,Manual count,32,26,9883,219,1111,115,12,4,4,1,11,146,11385
8524,2021,8,Yorkshire and The Humber,195,Bradford,A6035,Major,A6035 Bradford Rd,A629,406265,441340,53.86824875,-1.90621418,0.4,0.2,Estimated,Estimated using AADF from previous year on this link,26,27,10888,226,1211,123,13,5,4,1,11,157,12509
8524,2022,8,Yorkshire and The Humber,195,Bradford,A6035,Major,A6035 Bradford Rd,A629,406265,441340,53.86824875,-1.90621418,0.4,0.2,Estimated,Estimated using AADF from previous year on this link,23,30,11630,243,1313,127,14,5,4,1,12,162,13377
8524,2023,8,Yorkshire and The Humber,195,Bradford,A6035,Major,A6035 Bradford Rd,A629,406265,441340,53.86824875,-1.90621418,0.4,0.2,Estimated,Estimated using AADF from previous year on this link,23,29,11848,245,1335,125,13,5,4,1,11,160,13618
8524,2024,8,Yorkshire and The Humber,195,Bradford,A6035,Major,A6035 Bradford Rd,A629,406265,441340,53.86824875,-1.90621418,0.4,0.2,Estimated,Estimated using AADF from previous year on this link,23,30,12028,246,1359,127,13,5,4,1,11,161,13824
8524,2025,8,Yorkshire and The Humber,195,Bradford,A6035,Major,A6035 Bradford Rd,A629,406265,441340,53.86824875,-1.90621418,0.4,0.2,Estimated,Estimated using AADF from previous year on this link,23,31,12042,240,1387,126,13,5,4,1,11,160,13860
8579,2000,8,Yorkshire and The Humber,195,Bradford,A6037,Major,A6181,A6181,416627,433539,53.7979092,-1.74905779,0.5,0.3,Counted,Manual count,44,66,7362,216,821,69,8,5,7,12,5,106,8571
8579,2001,8,Yorkshire and The Humber,195,Bradford,A6037,Major,A6181,A6181,416627,433539,53.7979092,-1.74905779,0.5,0.3,Estimated,Estimated using AADF from previous year on this link,42,69,7134,226,827,66,9,5,5,9,5,99,8355
8579,2002,8,Yorkshire and The Humber,195,Bradford,A6037,Major,A6181,A6181,416627,433539,53.7979092,-1.74905779,0.5,0.3,Estimated,Estimated using AADF from previous year on this link,44,71,7248,228,886,62,9,5,5,8,5,94,8527
8579,2003,8,Yorkshire and The Humber,195,Bradford,A6037,Major,A6181,A6181,416627,433539,53.7979092,-1.74905779,0.5,0.3,Estimated,Estimated using AADF from previous year on this link,40,101,6980,221,962,60,9,5,5,7,5,91,8355
8579,2004,8,Yorkshire and The Humber,195,Bradford,A6037,Major,A6181,A6181,416627,433539,53.7979092,-1.74905779,0.5,0.3,Estimated,Estimated using AADF from previous year on this link,32,66,7071,182,1059,73,12,7,5,7,7,111,8489
8580,2000,8,Yorkshire and The Humber,195,Bradford,A650,Major,A658,A647,417000,433214,53.79497621,-1.74341286,0.5,0.3,Estimated,Estimated using AADF from previous year on this link,13,206,30792,123,5178,1133,113,47,140,189,118,1740,38039
8580,2001,8,Yorkshire and The Humber,195,Bradford,A650,Major,A658,A647,417000,433214,53.79497621,-1.74341286,0.5,0.3,Estimated,Estimated using AADF from previous year on this link,13,213,31407,125,5157,1110,130,47,123,162,132,1704,38606
8580,2002,8,Yorkshire and The Humber,195,Bradford,A650,Major,A658,A647,417000,433214,53.79497621,-1.74341286,0.5,0.3,Counted,Manual count,9,260,31249,75,4732,1169,158,101,121,279,149,1977,38293
8580,2003,8,Yorkshire and The Humber,195,Bradford,A650,Major,A658,A647,417000,433214,53.79497621,-1.74341286,0.5,0.3,Estimated,Estimated using AADF from previous year on this link,8,291,30811,67,5158,1254,179,118,116,248,164,2079,38406
8580,2004,8,Yorkshire and The Humber,195,Bradford,A650,Major,A658,A647,417000,433214,53.79497621,-1.74341286,0.5,0.3,Estimated,Estimated using AADF from previous year on this link,6,257,30874,63,5111,1259,190,130,110,219,179,2087,38392
8580,2005,8,Yorkshire and The Humber,195,Bradford,A650,Major,A658,A647,417000,433214,53.79497621,-1.74341286,0.5,0.3,Estimated,Estimated using AADF from previous year on this link,6,260,30101,61,5244,1210,178,132,96,190,189,1995,37661
8580,2006,8,Yorkshire and The Humber,195,Bradford,A650,Major,A658,A647,417000,433214,53.79497621,-1.74341286,0.5,0.3,Estimated,Estimated using AADF from previous year on this link,9,270,30192,60,5328,1238,177,143,88,170,204,2020,37870
8580,2007,8,Yorkshire and The Humber,195,Bradford,A650,Major,A658,A647,417000,433214,53.79497621,-1.74341286,0.5,0.3,Estimated,Estimated using AADF from previous year on this link,6,273,28773,58,5813,1222,175,154,75,160,209,1995,36912
8580,2008,8,Yorkshire and The Humber,195,Bradford,A650,Major,A658,A647,417000,433214,53.79497621,-1.74341286,0.5,0.3,Estimated,Estimated using AADF from previous year on this link,6,254,28226,59,6087,1173,189,158,65,141,204,1930,36556
8580,2009,8,Yorkshire and The Humber,195,Bradford,A650,Major,A658,A647,417000,433214,53.79497621,-1.74341286,0.5,0.3,Estimated,Estimated using AADF from previous year on this link,6,240,27775,58,6593,1130,198,158,61,124,202,1873,36539
8580,2010,8,Yorkshire and The Humber,195,Bradford,A650,Major,A658,A647,417000,433214,53.79497621,-1.74341286,0.5,0.3,Counted,Manual count,14,220,41592,230,6515,626,125,148,108,319,205,1531,50088
8580,2011,8,Yorkshire and The Humber,195,Bradford,A650,Major,A658,A647,417000,433214,53.79497621,-1.74341286,0.5,0.3,Estimated,Estimated using AADF from previous year on this link,16,233,41384,230,6717,624,134,166,83,315,216,1538,50102
8580,2012,8,Yorkshire and The Humber,195,Bradford,A650,Major,A658,A647,417000,433214,53.79497621,-1.74341286,0.5,0.3,Counted,Manual count,12,325,40884,191,6096,1093,158,105,122,229,256,1964,49460
8580,2013,8,Yorkshire and The Humber,195,Bradford,A650,Major,A658,A647,417000,433214,53.79497621,-1.74341286,0.5,0.3,Estimated,Estimated using AADF from previous year on this link,12,325,40653,180,6165,1090,170,118,89,215,257,1939,49263
8580,2014,8,Yorkshire and The Humber,195,Bradford,A650,Major,A658,A647,417000,433214,53.79497621,-1.74341286,0.5,0.3,Counted,Manual count,24,325,45850,217,6484,1319,196,156,94,293,227,2286,55162
8580,2015,8,Yorkshire and The Humber,195,Bradford,A650,Major,A658,A647,417000,433214,53.79497621,-1.74341286,0.5,0.3,Estimated,Estimated using AADF from previous year on this link,22,331,45009,215,6820,1283,206,152,115,288,224,2268,54643
8580,2016,8,Yorkshire and The Humber,195,Bradford,A650,Major,A658,A647,417000,433214,53.79497621,-1.74341286,0.5,0.3,Counted,Manual count,26,314,42113,125,6744,869,144,177,140,354,248,1931,51227
8580,2017,8,Yorkshire and The Humber,195,Bradford,A650,Major,A658,A647,417000,433214,53.79497621,-1.74341286,0.5,0.3,Counted,Manual count,17,238,39930,108,6429,812,234,238,97,399,230,2009,48715
8580,2018,8,Yorkshire and The Humber,195,Bradford,A650,Major,A658,A647,417000,433214,53.79497621,-1.74341286,0.5,0.3,Estimated,Estimated using AADF from previous year on this link,19,235,39490,98,6550,819,233,231,99,412,240,2034,48407
8580,2019,8,Yorkshire and The Humber,195,Bradford,A650,Major,A658,A647,417000,433214,53.79497621,-1.74341286,0.5,0.3,Estimated,Estimated using AADF from previous year on this link,21,221,39985,99,6493,809,237,232,101,423,241,2043,48841
8580,2020,8,Yorkshire and The Humber,195,Bradford,A650,Major,A658,A647,417000,433214,53.79497621,-1.74341286,0.5,0.3,Counted,Manual count,12,163,30676,15,6105,1042,194,170,54,118,619,2196,39155
8580,2021,8,Yorkshire and The Humber,195,Bradford,A650,Major,A658,A647,417000,433214,53.79497621,-1.74341286,0.5,0.3,Estimated,Estimated using AADF from previous year on this link,10,173,33796,15,6655,1114,208,185,58,126,662,2355,42994
8580,2022,8,Yorkshire and The Humber,195,Bradford,A650,Major,A658,A647,417000,433214,53.79497621,-1.74341286,0.5,0.3,Counted,Manual count,11,163,42861,85,6110,990,138,124,65,129,429,1875,51094
8580,2023,8,Yorkshire and The Humber,195,Bradford,A650,Major,A658,A647,417000,433214,53.79497621,-1.74341286,0.5,0.3,Estimated,Estimated using AADF from previous year on this link,11,161,43667,85,6214,977,135,123,65,126,413,1839,51966
8580,2024,8,Yorkshire and The Humber,195,Bradford,A650,Major,A658,A647,417000,433214,53.79497621,-1.74341286,0.5,0.3,Counted,Manual count,15,206,46998,87,7350,704,159,171,43,66,495,1638,56278
8580,2025,8,Yorkshire and The Humber,195,Bradford,A650,Major,A658,A647,417000,433214,53.79497621,-1.74341286,0.5,0.3,Estimated,Estimated using AADF from previous year on this link,15,210,47054,85,7501,696,160,175,43,65,486,1625,56475
16560,2000,8,Yorkshire and The Humber,195,Bradford,A58,Major,A641,LA Boundary,415000,426140,53.73145669,-1.77411453,1.1,0.7,Counted,Manual count,17,97,11336,186,1443,760,64,49,89,157,100,1219,14281
16560,2001,8,Yorkshire and The Humber,195,Bradford,A58,Major,A641,LA Boundary,415000,426140,53.73145669,-1.77411453,1.1,0.7,Estimated,Estimated using AADF from previous year on this link,17,101,10985,195,1453,725,72,47,72,124,103,1143,13877
16560,2002,8,Yorkshire and The Humber,195,Bradford,A58,Major,A641,LA Boundary,415000,426140,53.73145669,-1.77411453,1.1,0.7,Counted,Manual count,4,83,11333,162,2094,474,70,40,68,161,128,941,14613
16560,2003,8,Yorkshire and The Humber,195,Bradford,A58,Major,A641,LA Boundary,415000,426140,53.73145669,-1.77411453,1.1,0.7,Estimated,Estimated using AADF from previous year on this link,4,118,10914,158,2274,459,72,42,65,144,142,924,14388
16560,2004,8,Yorkshire and The Humber,195,Bradford,A58,Major,A641,LA Boundary,415000,426140,53.73145669,-1.77411453,1.1,0.7,Counted,Manual count,15,126,11713,126,2159,393,53,26,88,181,119,860,14984
16560,2005,8,Yorkshire and The Humber,195,Bradford,A58,Major,A641,LA Boundary,415000,426140,53.73145669,-1.77411453,1.1,0.7,Estimated,Estimated using AADF from previous year on this link,12,104,11174,119,2301,425,57,30,72,146,117,847,14545
16560,2006,8,Yorkshire and The Humber,195,Bradford,A58,Major,A641,LA Boundary,415000,426140,53.73145669,-1.77411453,1.1,0.7,Estimated,Estimated using AADF from previous year on this link,19,90,10961,111,2335,410,53,31,57,115,111,777,14274
16560,2007,8,Yorkshire and The Humber,195,Bradford,A58,Major,A641,LA Boundary,415000,426140,53.73145669,-1.77411453,1.1,0.7,Estimated,Estimated using AADF from previous year on this link,12,86,10786,100,2459,382,49,31,46,100,105,713,14144
16560,2008,8,Yorkshire and The Humber,195,Bradford,A58,Major,A641,LA Boundary,415000,426140,53.73145669,-1.77411453,1.1,0.7,Estimated,Estimated using AADF from previous year on this link,13,83,10549,87,2510,381,55,33,40,88,102,699,13928
16560,2009,8,Yorkshire and The Humber,195,Bradford,A58,Major,A641,LA Boundary,415000,426140,53.73145669,-1.77411453,1.1,0.7,Counted,Manual count,15,113,11833,116,2277,364,87,38,39,181,116,825,15164
16560,2010,8,Yorkshire and The Humber,195,Bradford,A58,Major,A641,LA Boundary,415000,426140,53.73145669,-1.77411453,1.1,0.7,Estimated,Estimated using AADF from previous year on this link,15,107,11762,131,2432,388,89,33,46,172,118,846,15278
16560,2011,8,Yorkshire and The Humber,195,Bradford,A58,Major,A641,LA Boundary,415000,426140,53.73145669,-1.77411453,1.1,0.7,Estimated,Estimated using AADF from previous year on this link,17,90,11727,124,2714,394,98,38,37,177,130,874,15529
16560,2012,8,Yorkshire and The Humber,195,Bradford,A58,Major,A641,LA Boundary,415000,426140,53.73145669,-1.77411453,1.1,0.7,Estimated,Estimated using AADF from previous year on this link,16,86,11544,135,2746,398,107,43,26,158,124,856,15367
16560,2013,8,Yorkshire and The Humber,195,Bradford,A58,Major,A641,LA Boundary,415000,426140,53.73145669,-1.77411453,1.1,0.7,Estimated,Estimated using AADF from previous year on this link,16,96,11442,141,2854,402,116,49,19,150,126,862,15395
16560,2014,8,Yorkshire and The Humber,195,Bradford,A58,Major,A641,LA Boundary,415000,426140,53.73145669,-1.77411453,1.1,0.7,Estimated,Estimated using AADF from previous year on this link,15,92,11753,136,3052,411,129,54,17,122,119,852,15884
16560,2015,8,Yorkshire and The Humber,195,Bradford,A58,Major,A641,LA Boundary,415000,426140,53.73145669,-1.77411453,1.1,0.7,Estimated,Estimated using AADF from previous year on this link,14,81,11985,146,3201,390,132,51,20,118,115,826,16239
16560,2016,8,Yorkshire and The Humber,195,Bradford,A58,Major,A641,LA Boundary,415000,426140,53.73145669,-1.77411453,1.1,0.7,Estimated,Estimated using AADF from previous year on this link,13,79,12172,135,3496,396,131,58,21,104,113,822,16705
16560,2017,8,Yorkshire and The Humber,195,Bradford,A58,Major,A641,LA Boundary,415000,426140,53.73145669,-1.77411453,1.1,0.7,Counted,Manual count,17,88,13152,91,2569,312,48,43,46,198,132,778,16679
16560,2018,8,Yorkshire and The Humber,195,Bradford,A58,Major,A641,LA Boundary,415000,426140,53.73145669,-1.77411453,1.1,0.7,Estimated,Estimated using AADF from previous year on this link,19,87,13007,83,2618,315,48,42,47,204,138,793,16587
16560,2019,8,Yorkshire and The Humber,195,Bradford,A58,Major,A641,LA Boundary,415000,426140,53.73145669,-1.77411453,1.1,0.7,Estimated,Estimated using AADF from previous year on this link,21,81,13170,84,2595,311,48,42,48,210,138,797,16727
16560,2020,8,Yorkshire and The Humber,195,Bradford,A58,Major,A641,LA Boundary,415000,426140,53.73145669,-1.77411453,1.1,0.7,Estimated,Estimated using AADF from previous year on this link,24,60,10004,53,2290,273,42,38,41,186,120,700,13107
16560,2021,8,Yorkshire and The Humber,195,Bradford,A58,Major,A641,LA Boundary,415000,426140,53.73145669,-1.77411453,1.1,0.7,Estimated,Estimated using AADF from previous year on this link,19,64,11021,55,2496,292,45,41,44,198,129,750,14386
16560,2022,8,Yorkshire and The Humber,195,Bradford,A58,Major,A641,LA Boundary,415000,426140,53.73145669,-1.77411453,1.1,0.7,Estimated,Estimated using AADF from previous year on this link,17,69,11772,59,2706,302,47,44,46,204,132,774,15380
16560,2023,8,Yorkshire and The Humber,195,Bradford,A58,Major,A641,LA Boundary,415000,426140,53.73145669,-1.77411453,1.1,0.7,Estimated,Estimated using AADF from previous year on this link,17,68,11993,59,2752,299,46,43,46,198,127,759,15632
16560,2024,8,Yorkshire and The Humber,195,Bradford,A58,Major,A641,LA Boundary,415000,426140,53.73145669,-1.77411453,1.1,0.7,Estimated,Estimated using AADF from previous year on this link,17,71,12175,60,2801,303,46,42,45,192,122,751,15857
16560,2025,8,Yorkshire and The Humber,195,Bradford,A58,Major,A641,LA Boundary,415000,426140,53.73145669,-1.77411453,1.1,0.7,Counted,Manual count,8,72,11642,67,2922,227,60,57,15,76,218,653,15355
17352,2000,8,Yorkshire and The Humber,195,Bradford,A641,Major,A6177,A647,416000,431750,53.78184936,-1.75866842,2.1,1.3,Estimated,Estimated using AADF from previous year on this link,21,134,29678,583,3662,789,54,36,73,120,79,1151,35208
17352,2001,8,Yorkshire and The Humber,195,Bradford,A641,Major,A6177,A647,416000,431750,53.78184936,-1.75866842,2.1,1.3,Estimated,Estimated using AADF from previous year on this link,20,138,30271,594,3648,773,62,36,64,103,88,1126,35777
17352,2002,8,Yorkshire and The Humber,195,Bradford,A641,Major,A6177,A647,416000,431750,53.78184936,-1.75866842,2.1,1.3,Counted,Manual count,54,197,26156,532,3490,581,67,44,126,127,85,1030,31405
17352,2003,8,Yorkshire and The Humber,195,Bradford,A641,Major,A6177,A647,416000,431750,53.78184936,-1.75866842,2.1,1.3,Estimated,Estimated using AADF from previous year on this link,49,221,25789,475,3804,623,76,52,121,113,94,1079,31368
17352,2004,8,Yorkshire and The Humber,195,Bradford,A641,Major,A6177,A647,416000,431750,53.78184936,-1.75866842,2.1,1.3,Counted,Manual count,59,247,27780,540,3865,597,82,65,93,154,77,1068,33500
17352,2005,8,Yorkshire and The Humber,195,Bradford,A641,Major,A6177,A647,416000,431750,53.78184936,-1.75866842,2.1,1.3,Counted,Manual count,45,216,28064,585,4227,596,90,120,79,166,90,1141,34233
17352,2006,8,Yorkshire and The Humber,195,Bradford,A641,Major,A6177,A647,416000,431750,53.78184936,-1.75866842,2.1,1.3,Counted,Manual count,38,202,28626,787,4297,647,91,62,61,151,81,1093,35005
17352,2007,8,Yorkshire and The Humber,195,Bradford,A641,Major,A6177,A647,416000,431750,53.78184936,-1.75866842,2.1,1.3,Counted,Manual count,21,135,29366,606,4279,663,68,42,84,198,82,1137,35523
17352,2008,8,Yorkshire and The Humber,195,Bradford,A641,Major,A6177,A647,416000,431750,53.78184936,-1.75866842,2.1,1.3,Counted,Manual count,81,179,27738,648,4104,730,86,135,68,165,67,1251,33920
17352,2009,8,Yorkshire and The Humber,195,Bradford,A641,Major,A6177,A647,416000,431750,53.78184936,-1.75866842,2.1,1.3,Estimated,Estimated using AADF from previous year on this link,81,169,27295,633,4444,703,90,135,64,145,67,1204,33745
17352,2010,8,Yorkshire and The Humber,195,Bradford,A641,Major,A6177,A647,416000,431750,53.78184936,-1.75866842,2.1,1.3,Counted,Manual count,66,166,28337,620,4186,471,102,51,63,166,101,954,34263
17352,2011,8,Yorkshire and The Humber,195,Bradford,A641,Major,A6177,A647,416000,431750,53.78184936,-1.75866842,2.1,1.3,Estimated,Estimated using AADF from previous year on this link,73,176,28195,620,4316,469,109,57,48,164,107,954,34261
17352,2012,8,Yorkshire and The Humber,195,Bradford,A641,Major,A6177,A647,416000,431750,53.78184936,-1.75866842,2.1,1.3,Estimated,Estimated using AADF from previous year on this link,69,159,28076,666,4145,415,104,57,35,152,106,869,33914
17352,2013,8,Yorkshire and The Humber,195,Bradford,A641,Major,A6177,A647,416000,431750,53.78184936,-1.75866842,2.1,1.3,Estimated,Estimated using AADF from previous year on this link,68,159,27916,627,4192,414,112,64,26,142,106,864,33758
17352,2014,8,Yorkshire and The Humber,195,Bradford,A641,Major,A6177,A647,416000,431750,53.78184936,-1.75866842,2.1,1.3,Counted,Manual count,94,120,27706,721,3689,620,113,92,86,146,117,1174,33409
17352,2015,8,Yorkshire and The Humber,195,Bradford,A641,Major,A6177,A647,416000,431750,53.78184936,-1.75866842,2.1,1.3,Estimated,Estimated using AADF from previous year on this link,88,122,27198,715,3880,603,119,89,105,144,116,1175,33089
17352,2016,8,Yorkshire and The Humber,195,Bradford,A641,Major,A6177,A647,416000,431750,53.78184936,-1.75866842,2.1,1.3,Estimated,Estimated using AADF from previous year on this link,82,119,27622,663,4238,611,118,101,109,128,114,1180,33822
17352,2017,8,Yorkshire and The Humber,195,Bradford,A641,Major,A6177,A647,416000,431750,53.78184936,-1.75866842,2.1,1.3,Estimated,Estimated using AADF from previous year on this link,78,120,27418,619,4461,607,120,103,113,127,118,1189,33807
17352,2018,8,Yorkshire and The Humber,195,Bradford,A641,Major,A6177,A647,416000,431750,53.78184936,-1.75866842,2.1,1.3,Counted,Manual count,115,144,29344,637,4314,449,110,67,47,196,136,1005,35443
17352,2019,8,Yorkshire and The Humber,195,Bradford,A641,Major,A6177,A647,416000,431750,53.78184936,-1.75866842,2.1,1.3,Estimated,Estimated using AADF from previous year on this link,126,135,29712,644,4276,444,111,68,48,202,136,1008,35775
17352,2020,8,Yorkshire and The Humber,195,Bradford,A641,Major,A6177,A647,416000,431750,53.78184936,-1.75866842,2.1,1.3,Counted,Manual count,111,54,20133,573,3761,675,146,90,44,54,306,1316,25838
17352,2021,8,Yorkshire and The Humber,195,Bradford,A641,Major,A6177,A647,416000,431750,53.78184936,-1.75866842,2.1,1.3,Estimated,Estimated using AADF from previous year on this link,91,58,22181,592,4100,722,157,99,47,58,327,1411,28341
17352,2022,8,Yorkshire and The Humber,195,Bradford,A641,Major,A6177,A647,416000,431750,53.78184936,-1.75866842,2.1,1.3,Counted,Manual count,82,115,28773,477,4390,593,112,114,48,73,352,1292,35047
17352,2023,8,Yorkshire and The Humber,195,Bradford,A641,Major,A6177,A647,416000,431750,53.78184936,-1.75866842,2.1,1.3,Estimated,Estimated using AADF from previous year on this link,81,113,29314,481,4464,586,110,112,49,71,339,1267,35639
17352,2024,8,Yorkshire and The Humber,195,Bradford,A641,Major,A6177,A647,416000,431750,53.78184936,-1.75866842,2.1,1.3,Estimated,Estimated using AADF from previous year on this link,81,116,29758,483,4544,595,110,109,48,69,328,1259,36161
17352,2025,8,Yorkshire and The Humber,195,Bradford,A641,Major,A6177,A647,416000,431750,53.78184936,-1.75866842,2.1,1.3,Estimated,Estimated using AADF from previous year on this link,82,119,29794,473,4637,589,111,112,48,67,322,1249,36271
17361,2000,8,Yorkshire and The Humber,195,Bradford,A647,Major,UPLANDS AVENUE,A6177,412000,430650,53.77206916,-1.81941376,3.1,1.9,Estimated,Estimated using AADF from previous year on this link,32,104,11416,227,1507,324,24,162,17,16,13,556,13810
17361,2001,8,Yorkshire and The Humber,195,Bradford,A647,Major,UPLANDS AVENUE,A6177,412000,430650,53.77206916,-1.81941376,3.1,1.9,Counted,Manual count,30,102,11779,242,1601,473,25,208,18,13,5,742,14466
17361,2002,8,Yorkshire and The Humber,195,Bradford,A647,Major,UPLANDS AVENUE,A6177,412000,430650,53.77206916,-1.81941376,3.1,1.9,Counted,Manual count,11,61,11510,261,1513,170,25,38,9,11,9,262,13607
17361,2003,8,Yorkshire and The Humber,195,Bradford,A647,Major,UPLANDS AVENUE,A6177,412000,430650,53.77206916,-1.81941376,3.1,1.9,Estimated,Estimated using AADF from previous year on this link,10,87,11084,254,1643,165,25,40,9,10,10,259,13327
17361,2004,8,Yorkshire and The Humber,195,Bradford,A647,Major,UPLANDS AVENUE,A6177,412000,430650,53.77206916,-1.81941376,3.1,1.9,Counted,Manual count,10,60,11607,241,1616,160,24,60,7,10,6,267,13791
17361,2005,8,Yorkshire and The Humber,195,Bradford,A647,Major,UPLANDS AVENUE,A6177,412000,430650,53.77206916,-1.81941376,3.1,1.9,Estimated,Estimated using AADF from previous year on this link,8,48,11072,227,1723,174,25,69,6,8,6,288,13358
17361,2006,8,Yorkshire and The Humber,195,Bradford,A647,Major,UPLANDS AVENUE,A6177,412000,430650,53.77206916,-1.81941376,3.1,1.9,Counted,Manual count,10,57,11567,308,1641,160,36,87,5,13,8,309,13882
17361,2007,8,Yorkshire and The Humber,195,Bradford,A647,Major,UPLANDS AVENUE,A6177,412000,430650,53.77206916,-1.81941376,3.1,1.9,Estimated,Estimated using AADF from previous year on this link,7,54,11382,280,1728,148,34,89,4,11,8,294,13738
17361,2008,8,Yorkshire and The Humber,195,Bradford,A647,Major,UPLANDS AVENUE,A6177,412000,430650,53.77206916,-1.81941376,3.1,1.9,Counted,Manual count,32,37,11881,297,1666,145,32,31,4,5,4,221,14102
17361,2009,8,Yorkshire and The Humber,195,Bradford,A647,Major,UPLANDS AVENUE,A6177,412000,430650,53.77206916,-1.81941376,3.1,1.9,Estimated,Estimated using AADF from previous year on this link,32,41,12143,293,1691,132,32,29,4,4,4,205,14373
17361,2010,8,Yorkshire and The Humber,195,Bradford,A647,Major,UPLANDS AVENUE,A6177,412000,430650,53.77206916,-1.81941376,3.1,1.9,Estimated,Estimated using AADF from previous year on this link,32,39,12070,332,1806,140,32,25,4,4,4,209,14456
17361,2011,8,Yorkshire and The Humber,195,Bradford,A647,Major,UPLANDS AVENUE,A6177,412000,430650,53.77206916,-1.81941376,3.1,1.9,Estimated,Estimated using AADF from previous year on this link,36,33,12034,314,2015,142,35,28,4,4,4,217,14613
17361,2012,8,Yorkshire and The Humber,195,Bradford,A647,Major,UPLANDS AVENUE,A6177,412000,430650,53.77206916,-1.81941376,3.1,1.9,Estimated,Estimated using AADF from previous year on this link,34,32,11846,341,2039,144,38,32,3,4,4,224,14482
17361,2013,8,Yorkshire and The Humber,195,Bradford,A647,Major,UPLANDS AVENUE,A6177,412000,430650,53.77206916,-1.81941376,3.1,1.9,Estimated,Estimated using AADF from previous year on this link,34,35,11742,357,2119,145,41,36,2,3,4,232,14485
17361,2014,8,Yorkshire and The Humber,195,Bradford,A647,Major,UPLANDS AVENUE,A6177,412000,430650,53.77206916,-1.81941376,3.1,1.9,Estimated,Estimated using AADF from previous year on this link,33,34,12060,344,2266,148,46,40,2,3,4,242,14946
17361,2015,8,Yorkshire and The Humber,195,Bradford,A647,Major,UPLANDS AVENUE,A6177,412000,430650,53.77206916,-1.81941376,3.1,1.9,Estimated,Estimated using AADF from previous year on this link,30,30,12299,370,2376,141,47,38,2,3,4,234,15309
17361,2016,8,Yorkshire and The Humber,195,Bradford,A647,Major,UPLANDS AVENUE,A6177,412000,430650,53.77206916,-1.81941376,3.1,1.9,Estimated,Estimated using AADF from previous year on this link,28,29,12491,343,2596,143,47,43,2,2,3,240,15699
17361,2017,8,Yorkshire and The Humber,195,Bradford,A647,Major,UPLANDS AVENUE,A6177,412000,430650,53.77206916,-1.81941376,3.1,1.9,Counted,Manual count,44,42,10455,159,1662,102,29,11,9,5,3,160,12477
17361,2018,8,Yorkshire and The Humber,195,Bradford,A647,Major,UPLANDS AVENUE,A6177,412000,430650,53.77206916,-1.81941376,3.1,1.9,Estimated,Estimated using AADF from previous year on this link,48,42,10339,144,1693,103,29,11,9,5,3,161,12379
17361,2019,8,Yorkshire and The Humber,195,Bradford,A647,Major,UPLANDS AVENUE,A6177,412000,430650,53.77206916,-1.81941376,3.1,1.9,Estimated,Estimated using AADF from previous year on this link,53,39,10469,146,1678,102,29,11,9,5,3,160,12492
17361,2020,8,Yorkshire and The Humber,195,Bradford,A647,Major,UPLANDS AVENUE,A6177,412000,430650,53.77206916,-1.81941376,3.1,1.9,Estimated,Estimated using AADF from previous year on this link,61,29,7952,92,1481,90,26,10,8,5,3,141,9695
17361,2021,8,Yorkshire and The Humber,195,Bradford,A647,Major,UPLANDS AVENUE,A6177,412000,430650,53.77206916,-1.81941376,3.1,1.9,Estimated,Estimated using AADF from previous year on this link,49,31,8761,95,1614,96,27,11,9,5,3,151,10652
17365,2000,8,Yorkshire and The Humber,195,Bradford,A650,Major,A6177,A6181,416000,433700,53.79937571,-1.75856828,1.1,0.7,Estimated,Estimated using AADF from previous year on this link,88,136,16161,590,1794,507,58,59,114,119,96,953,19634
17365,2001,8,Yorkshire and The Humber,195,Bradford,A650,Major,A6177,A6181,416000,433700,53.79937571,-1.75856828,1.1,0.7,Estimated,Estimated using AADF from previous year on this link,84,142,15660,617,1807,484,65,57,92,95,100,893,19119
17365,2002,8,Yorkshire and The Humber,195,Bradford,A650,Major,A6177,A6181,416000,433700,53.79937571,-1.75856828,1.1,0.7,Counted,Manual count,50,147,15030,593,1355,260,19,13,51,58,41,442,17567
17365,2003,8,Yorkshire and The Humber,195,Bradford,A650,Major,A6177,A6181,416000,433700,53.79937571,-1.75856828,1.1,0.7,Estimated,Estimated using AADF from previous year on this link,44,209,14474,577,1472,252,19,13,49,52,46,431,17163
17365,2004,8,Yorkshire and The Humber,195,Bradford,A650,Major,A6177,A6181,416000,433700,53.79937571,-1.75856828,1.1,0.7,Estimated,Estimated using AADF from previous year on this link,36,137,14662,472,1621,307,25,18,49,49,53,501,17393
17365,2005,8,Yorkshire and The Humber,195,Bradford,A650,Major,A6177,A6181,416000,433700,53.79937571,-1.75856828,1.1,0.7,Estimated,Estimated using AADF from previous year on this link,31,113,13988,446,1727,332,26,21,41,39,52,511,16785
17365,2006,8,Yorkshire and The Humber,195,Bradford,A650,Major,A6177,A6181,416000,433700,53.79937571,-1.75856828,1.1,0.7,Counted,Manual count,37,55,14752,670,1375,210,37,17,14,35,17,330,17182
17365,2007,8,Yorkshire and The Humber,195,Bradford,A650,Major,A6177,A6181,416000,433700,53.79937571,-1.75856828,1.1,0.7,Estimated,Estimated using AADF from previous year on this link,23,52,14516,609,1448,195,34,18,12,30,16,305,16930
17365,2008,8,Yorkshire and The Humber,195,Bradford,A650,Major,A6177,A6181,416000,433700,53.79937571,-1.75856828,1.1,0.7,Estimated,Estimated using AADF from previous year on this link,26,50,14197,529,1479,194,39,19,10,26,16,304,16559
17365,2009,8,Yorkshire and The Humber,195,Bradford,A650,Major,A6177,A6181,416000,433700,53.79937571,-1.75856828,1.1,0.7,Estimated,Estimated using AADF from previous year on this link,26,55,14510,523,1501,176,39,18,10,23,16,282,16871
17365,2010,8,Yorkshire and The Humber,195,Bradford,A650,Major,A6177,A6181,416000,433700,53.79937571,-1.75856828,1.1,0.7,Estimated,Estimated using AADF from previous year on this link,26,52,14423,593,1603,188,39,16,12,22,16,293,16964
17365,2011,8,Yorkshire and The Humber,195,Bradford,A650,Major,A6177,A6181,416000,433700,53.79937571,-1.75856828,1.1,0.7,Estimated,Estimated using AADF from previous year on this link,28,44,14380,560,1789,191,43,19,10,22,17,302,17075
17365,2012,8,Yorkshire and The Humber,195,Bradford,A650,Major,A6177,A6181,416000,433700,53.79937571,-1.75856828,1.1,0.7,Estimated,Estimated using AADF from previous year on this link,26,42,14156,609,1810,193,47,22,7,20,16,304,16921
17365,2013,8,Yorkshire and The Humber,195,Bradford,A650,Major,A6177,A6181,416000,433700,53.79937571,-1.75856828,1.1,0.7,Estimated,Estimated using AADF from previous year on this link,26,47,14031,637,1881,195,51,25,5,19,16,311,16906
17365,2014,8,Yorkshire and The Humber,195,Bradford,A650,Major,A6177,A6181,416000,433700,53.79937571,-1.75856828,1.1,0.7,Estimated,Estimated using AADF from previous year on this link,25,45,14411,613,2012,199,57,27,5,15,16,318,17399
17365,2015,8,Yorkshire and The Humber,195,Bradford,A650,Major,A6177,A6181,416000,433700,53.79937571,-1.75856828,1.1,0.7,Counted,Manual count,207,47,12608,408,1166,205,27,52,20,42,19,365,14593
17365,2016,8,Yorkshire and The Humber,195,Bradford,A650,Major,A6177,A6181,416000,433700,53.79937571,-1.75856828,1.1,0.7,Estimated,Estimated using AADF from previous year on this link,193,46,12805,378,1273,208,27,58,21,38,19,370,14872
17365,2017,8,Yorkshire and The Humber,195,Bradford,A650,Major,A6177,A6181,416000,433700,53.79937571,-1.75856828,1.1,0.7,Estimated,Estimated using AADF from previous year on this link,185,47,12710,353,1340,206,27,60,22,38,20,372,14822
17365,2018,8,Yorkshire and The Humber,195,Bradford,A650,Major,A6177,A6181,416000,433700,53.79937571,-1.75856828,1.1,0.7,Estimated,Estimated using AADF from previous year on this link,204,46,12570,320,1365,208,27,58,22,39,21,374,14676
17365,2019,8,Yorkshire and The Humber,195,Bradford,A650,Major,A6177,A6181,416000,433700,53.79937571,-1.75856828,1.1,0.7,Estimated,Estimated using AADF from previous year on this link,224,43,12728,324,1353,205,27,58,22,40,21,374,14822
17365,2020,8,Yorkshire and The Humber,195,Bradford,A650,Major,A6177,A6181,416000,433700,53.79937571,-1.75856828,1.1,0.7,Estimated,Estimated using AADF from previous year on this link,256,32,9668,204,1194,181,24,52,19,35,18,329,11428
17365,2021,8,Yorkshire and The Humber,195,Bradford,A650,Major,A6177,A6181,416000,433700,53.79937571,-1.75856828,1.1,0.7,Estimated,Estimated using AADF from previous year on this link,209,34,10651,211,1302,193,26,57,21,38,19,353,12551
17365,2022,8,Yorkshire and The Humber,195,Bradford,A650,Major,A6177,A6181,416000,433700,53.79937571,-1.75856828,1.1,0.7,Estimated,Estimated using AADF from previous year on this link,187,37,11376,227,1412,200,26,61,22,39,20,367,13418
17365,2023,8,Yorkshire and The Humber,195,Bradford,A650,Major,A6177,A6181,416014,433704,53.79941123,-1.75835553,1.1,0.7,Counted,Manual count,76,16,13169,240,1143,124,23,17,5,36,47,252,14820
17365,2024,8,Yorkshire and The Humber,195,Bradford,A650,Major,A6177,A6181,416014,433704,53.79941123,-1.75835553,1.1,0.7,Estimated,Estimated using AADF from previous year on this link,77,17,13368,241,1164,125,24,17,5,35,45,251,15040
17365,2025,8,Yorkshire and The Humber,195,Bradford,A650,Major,A6177,A6181,416014,433704,53.79941123,-1.75835553,1.1,0.7,Estimated,Estimated using AADF from previous year on this link,77,17,13384,235,1188,124,24,17,5,34,44,249,15073
17371,2000,8,Yorkshire and The Humber,195,Bradford,A657,Major,A6038,A658,415000,437650,53.83490732,-1.77355898,5.1,3.2,Counted,Manual count,52,200,21617,334,2347,305,36,34,44,77,31,527,25025
17371,2001,8,Yorkshire and The Humber,195,Bradford,A657,Major,A6038,A658,415000,437650,53.83490732,-1.77355898,5.1,3.2,Counted,Manual count,68,159,22297,495,2513,397,51,86,42,55,45,676,26140
17371,2002,8,Yorkshire and The Humber,195,Bradford,A657,Major,A6038,A658,415000,437650,53.83490732,-1.77355898,5.1,3.2,Counted,Manual count,59,174,21349,405,2421,323,40,9,31,57,22,482,24831
17371,2003,8,Yorkshire and The Humber,195,Bradford,A657,Major,A6038,A658,415000,437650,53.83490732,-1.77355898,5.1,3.2,Counted,Manual count,68,151,21458,302,2336,284,35,27,30,51,28,455,24702
17371,2004,8,Yorkshire and The Humber,195,Bradford,A657,Major,A6038,A658,415000,437650,53.83490732,-1.77355898,5.1,3.2,Counted,Manual count,77,170,22293,412,2573,251,31,19,19,57,29,406,25854
17371,2005,8,Yorkshire and The Humber,195,Bradford,A657,Major,A6038,A658,415000,437650,53.83490732,-1.77355898,5.1,3.2,Counted,Manual count,62,178,21972,477,2669,259,31,47,22,43,26,428,25724
17371,2006,8,Yorkshire and The Humber,195,Bradford,A657,Major,A6038,A658,415000,437650,53.83490732,-1.77355898,5.1,3.2,Counted,Manual count,22,115,22473,418,3046,310,39,41,19,52,22,483,26535
17371,2007,8,Yorkshire and The Humber,195,Bradford,A657,Major,A6038,A658,415000,437650,53.83490732,-1.77355898,5.1,3.2,Counted,Manual count,34,130,21018,374,2693,281,31,24,20,41,31,428,24643
17371,2008,8,Yorkshire and The Humber,195,Bradford,A657,Major,A6038,A658,415000,437650,53.83490732,-1.77355898,5.1,3.2,Counted,Manual count,70,222,21599,388,2910,275,29,42,22,38,26,432,25551
17371,2009,8,Yorkshire and The Humber,195,Bradford,A657,Major,A6038,A658,415000,437650,53.83490732,-1.77355898,5.1,3.2,Estimated,Estimated using AADF from previous year on this link,70,210,21254,380,3151,265,31,42,20,34,26,418,25413
17371,2010,8,Yorkshire and The Humber,195,Bradford,A657,Major,A6038,A658,415000,437650,53.83490732,-1.77355898,5.1,3.2,Estimated,Estimated using AADF from previous year on this link,70,194,20808,399,3167,263,29,34,22,30,24,402,24970
17371,2011,8,Yorkshire and The Humber,195,Bradford,A657,Major,A6038,A658,415000,437650,53.83490732,-1.77355898,5.1,3.2,Estimated,Estimated using AADF from previous year on this link,77,206,20704,399,3265,261,31,38,16,30,26,402,24976
17371,2012,8,Yorkshire and The Humber,195,Bradford,A657,Major,A6038,A658,415000,437650,53.83490732,-1.77355898,5.1,3.2,Counted,Manual count,124,221,21092,373,2778,238,32,19,13,30,18,348,24813
17371,2013,8,Yorkshire and The Humber,195,Bradford,A657,Major,A6038,A658,415000,437650,53.83490732,-1.77355898,5.1,3.2,Estimated,Estimated using AADF from previous year on this link,122,221,20973,351,2810,237,34,21,9,28,18,347,24702
17371,2014,8,Yorkshire and The Humber,195,Bradford,A657,Major,A6038,A658,415000,437650,53.83490732,-1.77355898,5.1,3.2,Estimated,Estimated using AADF from previous year on this link,118,235,20755,373,3199,251,39,24,10,27,20,370,24933
17371,2015,8,Yorkshire and The Humber,195,Bradford,A657,Major,A6038,A658,415000,437650,53.83490732,-1.77355898,5.1,3.2,Estimated,Estimated using AADF from previous year on this link,110,240,20374,369,3365,244,41,23,12,27,20,366,24715
17371,2016,8,Yorkshire and The Humber,195,Bradford,A657,Major,A6038,A658,415000,437650,53.83490732,-1.77355898,5.1,3.2,Estimated,Estimated using AADF from previous year on this link,103,234,20692,342,3676,247,40,26,12,24,20,370,25314
17371,2017,8,Yorkshire and The Humber,195,Bradford,A657,Major,A6038,A658,415000,437650,53.83490732,-1.77355898,5.1,3.2,Counted,Manual count,119,135,20494,343,2814,183,25,25,18,29,5,286,24072
17371,2018,8,Yorkshire and The Humber,195,Bradford,A657,Major,A6038,A658,415000,437650,53.83490732,-1.77355898,5.1,3.2,Estimated,Estimated using AADF from previous year on this link,131,134,20268,311,2866,185,25,25,18,30,6,288,23868
17371,2019,8,Yorkshire and The Humber,195,Bradford,A657,Major,A6038,A658,415000,437650,53.83490732,-1.77355898,5.1,3.2,Estimated,Estimated using AADF from previous year on this link,144,125,20523,315,2841,182,26,25,19,30,6,288,24092
17371,2020,8,Yorkshire and The Humber,195,Bradford,A657,Major,A6038,A658,415000,437650,53.83490732,-1.77355898,5.1,3.2,Estimated,Estimated using AADF from previous year on this link,165,93,15589,199,2508,160,22,22,16,27,5,253,18640
17371,2021,8,Yorkshire and The Humber,195,Bradford,A657,Major,A6038,A658,415000,437650,53.83490732,-1.77355898,5.1,3.2,Counted,Manual count,160,124,18143,285,2543,285,34,37,15,11,27,410,21506
17371,2022,8,Yorkshire and The Humber,195,Bradford,A657,Major,A6038,A658,415000,437650,53.83490732,-1.77355898,5.1,3.2,Estimated,Estimated using AADF from previous year on this link,143,136,19379,307,2757,295,35,39,16,11,28,425,23003
17371,2023,8,Yorkshire and The Humber,195,Bradford,A657,Major,A6038,A658,415000,437650,53.83490732,-1.77355898,5.1,3.2,Estimated,Estimated using AADF from previous year on this link,140,134,19743,310,2804,291,35,39,16,11,27,419,23409
17371,2024,8,Yorkshire and The Humber,195,Bradford,A657,Major,A6038,A658,415000,437650,53.83490732,-1.77355898,5.1,3.2,Estimated,Estimated using AADF from previous year on this link,142,138,20042,311,2854,296,35,38,16,11,26,421,23766
17371,2025,8,Yorkshire and The Humber,195,Bradford,A657,Major,A6038,A658,415000,437650,53.83490732,-1.77355898,5.1,3.2,Estimated,Estimated using AADF from previous year on this link,143,141,20067,304,2913,293,35,39,16,11,26,418,23842
17705,2000,8,Yorkshire and The Humber,195,Bradford,A6177,Major,M606,Rook Lane,417000,430260,53.76842607,-1.74357434,1.5,0.9,Counted,Manual count,84,359,33514,171,5692,924,156,221,218,552,250,2321,42057
17705,2001,8,Yorkshire and The Humber,195,Bradford,A6177,Major,M606,Rook Lane,417000,430260,53.76842607,-1.74357434,1.5,0.9,Counted,Manual count,113,292,37543,310,5867,1404,181,190,257,649,375,3056,47068
17705,2002,8,Yorkshire and The Humber,195,Bradford,A6177,Major,M606,Rook Lane,417000,430260,53.76842607,-1.74357434,1.5,0.9,Estimated,Estimated using AADF from previous year on this link,118,295,37468,317,5879,1353,188,198,234,564,411,2948,46907
17705,2003,8,Yorkshire and The Humber,195,Bradford,A6177,Major,M606,Rook Lane,417000,430260,53.76842607,-1.74357434,1.5,0.9,Counted,Manual count,124,267,37055,316,5886,1325,206,176,212,677,425,3021,46545
17705,2004,8,Yorkshire and The Humber,195,Bradford,A6177,Major,M606,Rook Lane,417000,430260,53.76842607,-1.74357434,1.5,0.9,Estimated,Estimated using AADF from previous year on this link,100,235,37129,294,5832,1330,219,193,201,597,465,3005,46495
17705,2005,8,Yorkshire and The Humber,195,Bradford,A6177,Major,M606,Rook Lane,417000,430260,53.76842607,-1.74357434,1.5,0.9,Counted,Manual count,59,274,40032,256,6477,1454,198,187,165,501,517,3022,50061
17705,2006,8,Yorkshire and The Humber,195,Bradford,A6177,Major,M606,Rook Lane,417000,430260,53.76842607,-1.74357434,1.5,0.9,Estimated,Estimated using AADF from previous year on this link,93,285,40151,252,6581,1487,197,203,149,448,559,3043,50312
17705,2007,8,Yorkshire and The Humber,195,Bradford,A6177,Major,M606,Rook Lane,417000,430260,53.76842607,-1.74357434,1.5,0.9,Counted,Manual count,77,280,42072,313,6093,1455,187,186,153,607,374,2962,51720
17705,2008,8,Yorkshire and The Humber,195,Bradford,A6177,Major,M606,Rook Lane,417000,430260,53.76842607,-1.74357434,1.5,0.9,Estimated,Estimated using AADF from previous year on this link,87,262,41273,317,6380,1398,202,190,133,533,364,2820,51052
17705,2009,8,Yorkshire and The Humber,195,Bradford,A6177,Major,M606,Rook Lane,417000,430260,53.76842607,-1.74357434,1.5,0.9,Counted,Manual count,103,273,41732,248,6607,941,185,225,108,429,347,2235,51095
17705,2010,8,Yorkshire and The Humber,195,Bradford,A6177,Major,M606,Rook Lane,417000,430260,53.76842607,-1.74357434,1.5,0.9,Counted,Manual count,87,198,38313,225,6503,983,179,193,126,464,360,2305,47544
17705,2011,8,Yorkshire and The Humber,195,Bradford,A6177,Major,M606,Rook Lane,417000,430260,53.76842607,-1.74357434,1.5,0.9,Counted,Manual count,105,256,39162,234,6420,954,229,200,157,606,442,2588,48660
17705,2012,8,Yorkshire and The Humber,195,Bradford,A6177,Major,M606,Rook Lane,417000,430260,53.76842607,-1.74357434,1.5,0.9,Counted,Manual count,189,231,38689,229,6237,1122,244,256,96,521,431,2670,48056
17705,2013,8,Yorkshire and The Humber,195,Bradford,A6177,Major,M606,Rook Lane,417000,430260,53.76842607,-1.74357434,1.5,0.9,Counted,Manual count,62,119,37745,222,5714,1079,187,150,130,600,470,2616,46416
17705,2014,8,Yorkshire and The Humber,195,Bradford,A6177,Major,M606,Rook Lane,417000,430260,53.76842607,-1.74357434,1.5,0.9,Estimated,Estimated using AADF from previous year on this link,60,127,37354,235,6507,1139,214,169,138,587,531,2779,47001
17705,2015,8,Yorkshire and The Humber,195,Bradford,A6177,Major,M606,Rook Lane,417000,430260,53.76842607,-1.74357434,1.5,0.9,Counted,Manual count,141,237,41650,226,6351,1251,196,160,165,519,514,2805,51269
17705,2016,8,Yorkshire and The Humber,195,Bradford,A6177,Major,M606,Rook Lane,417000,430260,53.76842607,-1.74357434,1.5,0.9,Estimated,Estimated using AADF from previous year on this link,131,232,42299,209,6937,1269,194,180,172,460,505,2781,52459
17705,2017,8,Yorkshire and The Humber,195,Bradford,A6177,Major,M606,Rook Lane,417000,430260,53.76842607,-1.74357434,1.5,0.9,Counted,Manual count,136,157,36288,186,6670,908,244,215,222,580,418,2587,45889
17705,2018,8,Yorkshire and The Humber,195,Bradford,A6177,Major,M606,Rook Lane,417000,430260,53.76842607,-1.74357434,1.6,1.0,Estimated,Estimated using AADF from previous year on this link,150,155,35889,168,6795,916,243,209,226,599,437,2630,45638
17705,2019,8,Yorkshire and The Humber,195,Bradford,A6177,Major,M606,Rook Lane,417304,430351,53.76923404,-1.73895735,1.6,1.0,Counted,Manual count,109,146,39911,168,7421,910,219,231,135,611,416,2523,50169
17705,2020,8,Yorkshire and The Humber,195,Bradford,A6177,Major,M606,Rook Lane,417304,430351,53.76923404,-1.73895735,1.6,1.0,Estimated,Estimated using AADF from previous year on this link,124,108,30316,106,6549,800,190,207,117,542,362,2217,39296
17705,2021,8,Yorkshire and The Humber,195,Bradford,A6177,Major,M606,Rook Lane,417304,430351,53.76923404,-1.73895735,1.6,1.0,Counted,Manual count,58,161,31017,118,6708,744,218,206,54,486,655,2363,40366
17705,2022,8,Yorkshire and The Humber,195,Bradford,A6177,Major,M606,Rook Lane,417304,430351,53.76923404,-1.73895735,1.6,1.0,Counted,Manual count,142,138,35138,146,6526,1047,193,223,100,404,662,2629,44577
17705,2023,8,Yorkshire and The Humber,195,Bradford,A6177,Major,M606,Rook Lane,417304,430351,53.76923404,-1.73895735,1.6,1.0,Estimated,Estimated using AADF from previous year on this link,140,136,35798,148,6637,1033,190,220,101,393,637,2574,45294
17705,2024,8,Yorkshire and The Humber,195,Bradford,A6177,Major,M606,Rook Lane,417304,430351,53.76923404,-1.73895735,1.6,1.0,Counted,Manual count,75,120,39848,102,7275,752,177,294,57,282,710,2270,49615
17705,2025,8,Yorkshire and The Humber,195,Bradford,A6177,Major,M606,Rook Lane,417304,430351,53.76923404,-1.73895735,1.6,1.0,Estimated,Estimated using AADF from previous year on this link,75,122,39896,100,7424,744,177,301,57,275,697,2252,49794
17731,2000,8,Yorkshire and The Humber,195,Bradford,A6177,Major,A641,M606,416000,430520,53.77079433,-1.75873171,1.0,0.6,Estimated,Estimated using AADF from previous year on this link,36,104,23368,171,3891,924,72,60,173,232,194,1655,29189
17731,2001,8,Yorkshire and The Humber,195,Bradford,A6177,Major,A641,M606,416000,430520,53.77079433,-1.75873171,1.0,0.6,Estimated,Estimated using AADF from previous year on this link,34,108,23835,174,3876,905,83,60,152,199,218,1617,29610
17731,2002,8,Yorkshire and The Humber,195,Bradford,A6177,Major,A641,M606,416000,430520,53.77079433,-1.75873171,1.0,0.6,Counted,Manual count,18,104,24444,198,3410,876,91,80,166,356,170,1739,29895
17731,2003,8,Yorkshire and The Humber,195,Bradford,A6177,Major,A641,M606,416000,430520,53.77079433,-1.75873171,1.0,0.6,Estimated,Estimated using AADF from previous year on this link,16,117,24102,177,3717,940,103,93,159,316,187,1798,29911
17731,2004,8,Yorkshire and The Humber,195,Bradford,A6177,Major,A641,M606,416000,430520,53.77079433,-1.75873171,1.0,0.6,Estimated,Estimated using AADF from previous year on this link,13,102,24150,164,3683,943,109,102,150,279,205,1788,29887
17884,2000,8,Yorkshire and The Humber,195,Bradford,A6181,Major,A658/A6037 roundabout,A6037 Canal Rd roundabout,416630,433150,53.79441283,-1.74903301,0.2,0.1,Estimated,Estimated using AADF from previous year on this link,57,169,21562,399,2715,485,49,40,61,57,66,758,25603
17884,2001,8,Yorkshire and The Humber,195,Bradford,A6181,Major,A658/A6037 roundabout,A6037 Canal Rd roundabout,416630,433150,53.79441283,-1.74903301,0.2,0.1,Estimated,Estimated using AADF from previous year on this link,55,175,21994,406,2704,475,56,40,54,48,74,747,26026
17884,2002,8,Yorkshire and The Humber,195,Bradford,A6181,Major,A658/A6037 roundabout,A6037 Canal Rd roundabout,416630,433150,53.79441283,-1.74903301,0.2,0.1,Estimated,Estimated using AADF from previous year on this link,57,177,21950,415,2710,457,58,42,49,41,81,728,25980
17884,2003,8,Yorkshire and The Humber,195,Bradford,A6181,Major,A658/A6037 roundabout,A6037 Canal Rd roundabout,416630,433150,53.79441283,-1.74903301,0.2,0.1,Estimated,Estimated using AADF from previous year on this link,51,198,21642,371,2954,490,66,49,47,36,89,777,25942
17884,2004,8,Yorkshire and The Humber,195,Bradford,A6181,Major,A658/A6037 roundabout,A6037 Canal Rd roundabout,416630,433150,53.79441283,-1.74903301,0.2,0.1,Counted,Manual count,66,104,20519,283,2141,402,30,28,28,45,15,548,23595
17949,2000,8,Yorkshire and The Humber,195,Bradford,A6177,Major,A6037,A6176,416700,434920,53.81031911,-1.74787547,0.6,0.4,Counted,Manual count,23,115,12540,84,1434,100,16,3,18,12,3,152,14325
17949,2001,8,Yorkshire and The Humber,195,Bradford,A6177,Major,A6037,A6176,416700,434920,53.81031911,-1.74787547,0.6,0.4,Estimated,Estimated using AADF from previous year on this link,22,120,12151,88,1444,96,18,3,14,9,3,143,13946
17949,2002,8,Yorkshire and The Humber,195,Bradford,A6177,Major,A6037,A6176,416700,434920,53.81031911,-1.74787547,0.6,0.4,Estimated,Estimated using AADF from previous year on this link,22,125,12346,88,1548,90,18,3,12,8,3,134,14241
17949,2003,8,Yorkshire and The Humber,195,Bradford,A6177,Major,A6037,A6176,416700,434920,53.81031911,-1.74787547,0.6,0.4,Estimated,Estimated using AADF from previous year on this link,20,178,11889,86,1681,88,18,3,12,7,3,131,13965
17949,2004,8,Yorkshire and The Humber,195,Bradford,A6177,Major,A6037,A6176,416700,434920,53.81031911,-1.74787547,0.6,0.4,Estimated,Estimated using AADF from previous year on this link,16,117,12043,70,1851,106,23,4,12,7,4,156,14237
17949,2005,8,Yorkshire and The Humber,195,Bradford,A6177,Major,A6037,A6176,416700,434920,53.81031911,-1.74787547,0.6,0.4,Estimated,Estimated using AADF from previous year on this link,13,96,11489,67,1973,115,25,5,10,5,4,164,13789
17949,2006,8,Yorkshire and The Humber,195,Bradford,A6177,Major,A6037,A6176,416700,434920,53.81031911,-1.74787547,0.6,0.4,Estimated,Estimated using AADF from previous year on this link,22,83,11272,61,2003,111,23,5,7,5,4,155,13574
17949,2007,8,Yorkshire and The Humber,195,Bradford,A6177,Major,A6037,A6176,416700,434920,53.81031911,-1.74787547,0.6,0.4,Counted,Manual count,21,97,13560,113,1272,167,15,12,5,27,10,236,15278
17949,2008,8,Yorkshire and The Humber,195,Bradford,A6177,Major,A6037,A6176,416700,434920,53.81031911,-1.74787547,0.6,0.4,Estimated,Estimated using AADF from previous year on this link,24,93,13262,97,1299,167,16,13,5,23,10,234,14985
17949,2009,8,Yorkshire and The Humber,195,Bradford,A6177,Major,A6037,A6176,416700,434920,53.81031911,-1.74787547,0.6,0.4,Estimated,Estimated using AADF from previous year on this link,24,104,13554,95,1318,152,16,13,5,20,10,216,15287
17949,2010,8,Yorkshire and The Humber,195,Bradford,A6177,Major,A6037,A6176,416700,434920,53.81031911,-1.74787547,0.6,0.4,Estimated,Estimated using AADF from previous year on this link,24,99,13473,107,1407,162,16,11,6,19,10,224,15310
17949,2011,8,Yorkshire and The Humber,195,Bradford,A6177,Major,A6037,A6176,416700,434920,53.81031911,-1.74787547,0.6,0.4,Estimated,Estimated using AADF from previous year on this link,27,84,13432,101,1570,164,17,13,5,19,11,229,15416
17949,2012,8,Yorkshire and The Humber,195,Bradford,A6177,Major,A6037,A6176,416700,434920,53.81031911,-1.74787547,0.6,0.4,Estimated,Estimated using AADF from previous year on this link,26,80,13222,110,1589,166,19,15,3,17,10,230,15231
17949,2013,8,Yorkshire and The Humber,195,Bradford,A6177,Major,A6037,A6176,416700,434920,53.81031911,-1.74787547,0.6,0.4,Estimated,Estimated using AADF from previous year on this link,25,90,13106,115,1651,167,20,17,3,16,11,233,15195
17949,2014,8,Yorkshire and The Humber,195,Bradford,A6177,Major,A6037,A6176,416700,434920,53.81031911,-1.74787547,0.6,0.4,Estimated,Estimated using AADF from previous year on this link,24,86,13461,111,1766,171,22,18,2,13,10,237,15661
17949,2015,8,Yorkshire and The Humber,195,Bradford,A6177,Major,A6037,A6176,416700,434920,53.81031911,-1.74787547,0.6,0.4,Estimated,Estimated using AADF from previous year on this link,23,76,13728,119,1852,162,23,17,3,13,10,228,16002
17949,2016,8,Yorkshire and The Humber,195,Bradford,A6177,Major,A6037,A6176,416700,434920,53.81031911,-1.74787547,0.6,0.4,Counted,Manual count,22,47,13401,51,1267,94,35,16,8,29,21,203,14969
17949,2017,8,Yorkshire and The Humber,195,Bradford,A6177,Major,A6037,A6176,416700,434920,53.81031911,-1.74787547,0.6,0.4,Estimated,Estimated using AADF from previous year on this link,21,47,13302,48,1334,93,36,17,9,28,22,205,14936
17949,2018,8,Yorkshire and The Humber,195,Bradford,A6177,Major,A6037,A6176,416700,434920,53.81031911,-1.74787547,0.6,0.4,Estimated,Estimated using AADF from previous year on this link,23,47,13156,43,1359,94,35,16,9,29,23,207,14811
17949,2019,8,Yorkshire and The Humber,195,Bradford,A6177,Major,A6037,A6176,416700,434920,53.81031911,-1.74787547,0.6,0.4,Estimated,Estimated using AADF from previous year on this link,26,44,13321,44,1347,93,36,16,9,30,23,207,14963
17949,2020,8,Yorkshire and The Humber,195,Bradford,A6177,Major,A6037,A6176,416700,434920,53.81031911,-1.74787547,0.6,0.4,Estimated,Estimated using AADF from previous year on this link,29,32,10118,28,1189,82,31,14,8,27,20,182,11549
17949,2021,8,Yorkshire and The Humber,195,Bradford,A6177,Major,A6037,A6176,416700,434920,53.81031911,-1.74787547,0.6,0.4,Estimated,Estimated using AADF from previous year on this link,24,34,11147,29,1296,88,34,16,8,29,21,195,12701
17949,2022,8,Yorkshire and The Humber,195,Bradford,A6177,Major,A6037,A6176,416700,434920,53.81031911,-1.74787547,0.6,0.4,Estimated,Estimated using AADF from previous year on this link,22,37,11906,31,1405,91,35,17,9,29,22,202,13581
17949,2023,8,Yorkshire and The Humber,195,Bradford,A6177,Major,A6037,A6176,416700,434920,53.81031911,-1.74787547,0.6,0.4,Estimated,Estimated using AADF from previous year on this link,21,37,12130,31,1429,90,34,17,9,28,21,198,13825
17949,2024,8,Yorkshire and The Humber,195,Bradford,A6177,Major,A6037,A6176,416700,434920,53.81031911,-1.74787547,0.6,0.4,Counted,Manual count,44,31,14416,35,1590,78,27,16,5,24,12,161,16233
17949,2025,8,Yorkshire and The Humber,195,Bradford,A6177,Major,A6037,A6176,416700,434920,53.81031911,-1.74787547,0.6,0.4,Estimated,Estimated using AADF from previous year on this link,44,32,14433,34,1622,77,27,16,5,23,12,160,16282
18563,2000,8,Yorkshire and The Humber,195,Bradford,A6177,Major,Station Rd,Kings Rd,416235,434845,53.8096596,-1.75494084,0.4,0.2,Estimated,Estimated using AADF from previous year on this link,50,128,18463,104,1862,289,18,8,16,12,22,365,20922
18563,2001,8,Yorkshire and The Humber,195,Bradford,A6177,Major,Station Rd,Kings Rd,416235,434845,53.8096596,-1.75494084,0.4,0.2,Estimated,Estimated using AADF from previous year on this link,48,133,18832,106,1854,283,21,8,14,10,25,361,21286
18563,2002,8,Yorkshire and The Humber,195,Bradford,A6177,Major,Station Rd,Kings Rd,416235,434845,53.8096596,-1.75494084,0.4,0.2,Estimated,Estimated using AADF from previous year on this link,50,135,18794,108,1858,272,22,8,12,9,27,350,21245
18563,2003,8,Yorkshire and The Humber,195,Bradford,A6177,Major,Station Rd,Kings Rd,416235,434845,53.8096596,-1.75494084,0.4,0.2,Estimated,Estimated using AADF from previous year on this link,45,151,18531,96,2025,292,25,10,12,8,30,377,21180
18563,2004,8,Yorkshire and The Humber,195,Bradford,A6177,Major,Station Rd,Kings Rd,416235,434845,53.8096596,-1.75494084,0.4,0.2,Counted,Manual count,32,139,19418,120,1893,244,18,11,15,19,13,320,21890
18563,2005,8,Yorkshire and The Humber,195,Bradford,A6177,Major,Station Rd,Kings Rd,416235,434845,53.8096596,-1.75494084,0.4,0.2,Estimated,Estimated using AADF from previous year on this link,27,141,18933,118,1942,234,16,11,13,16,13,303,21437
18563,2006,8,Yorkshire and The Humber,195,Bradford,A6177,Major,Station Rd,Kings Rd,416235,434845,53.8096596,-1.75494084,0.4,0.2,Estimated,Estimated using AADF from previous year on this link,43,146,18989,116,1973,240,16,12,12,14,14,308,21532
18563,2007,8,Yorkshire and The Humber,195,Bradford,A6177,Major,Station Rd,Kings Rd,416235,434845,53.8096596,-1.75494084,0.4,0.2,Estimated,Estimated using AADF from previous year on this link,27,148,18097,112,2153,236,16,13,10,13,14,302,20812
18563,2008,8,Yorkshire and The Humber,195,Bradford,A6177,Major,Station Rd,Kings Rd,416235,434845,53.8096596,-1.75494084,0.4,0.2,Estimated,Estimated using AADF from previous year on this link,30,137,17753,113,2253,226,18,13,8,12,14,291,20547
18563,2009,8,Yorkshire and The Humber,195,Bradford,A6177,Major,Station Rd,Kings Rd,416235,434845,53.8096596,-1.75494084,0.4,0.2,Counted,Manual count,27,92,18415,101,1871,123,20,6,10,16,11,186,20665
18563,2010,8,Yorkshire and The Humber,195,Bradford,A6177,Major,Station Rd,Kings Rd,416235,434845,53.8096596,-1.75494084,0.4,0.2,Estimated,Estimated using AADF from previous year on this link,27,85,18029,106,1881,122,19,5,10,13,10,179,20280
18563,2011,8,Yorkshire and The Humber,195,Bradford,A6177,Major,Station Rd,Kings Rd,416235,434845,53.8096596,-1.75494084,0.4,0.2,Estimated,Estimated using AADF from previous year on this link,30,90,17939,106,1939,122,21,5,8,13,10,179,20253
18563,2012,8,Yorkshire and The Humber,195,Bradford,A6177,Major,Station Rd,Kings Rd,416235,434845,53.8096596,-1.75494084,0.4,0.2,Estimated,Estimated using AADF from previous year on this link,28,81,17863,114,1862,108,20,5,6,12,10,161,20081
18563,2013,8,Yorkshire and The Humber,195,Bradford,A6177,Major,Station Rd,Kings Rd,416235,434845,53.8096596,-1.75494084,0.4,0.2,Counted,Manual count,49,73,17004,68,1768,194,14,33,12,25,11,291,19203
18563,2014,8,Yorkshire and The Humber,195,Bradford,A6177,Major,Station Rd,Kings Rd,416235,434845,53.8096596,-1.75494084,0.4,0.2,Estimated,Estimated using AADF from previous year on this link,48,69,17465,66,1890,199,16,36,11,20,11,293,19784
18563,2015,8,Yorkshire and The Humber,195,Bradford,A6177,Major,Station Rd,Kings Rd,416235,434845,53.8096596,-1.75494084,0.4,0.2,Estimated,Estimated using AADF from previous year on this link,44,61,17811,71,1982,189,16,34,13,20,10,283,20208
18563,2016,8,Yorkshire and The Humber,195,Bradford,A6177,Major,Station Rd,Kings Rd,416235,434845,53.8096596,-1.75494084,0.4,0.2,Estimated,Estimated using AADF from previous year on this link,41,60,18089,65,2165,192,16,39,14,17,10,288,20668
18563,2017,8,Yorkshire and The Humber,195,Bradford,A6177,Major,Station Rd,Kings Rd,416235,434845,53.8096596,-1.75494084,0.4,0.2,Counted,Manual count,27,39,17367,57,1637,138,29,12,10,21,19,228,19328
18563,2018,8,Yorkshire and The Humber,195,Bradford,A6177,Major,Station Rd,Kings Rd,416235,434845,53.8096596,-1.75494084,0.4,0.2,Estimated,Estimated using AADF from previous year on this link,30,38,17176,51,1668,139,29,11,10,21,20,230,19164
18563,2019,8,Yorkshire and The Humber,195,Bradford,A6177,Major,Station Rd,Kings Rd,416235,434845,53.8096596,-1.75494084,0.4,0.2,Estimated,Estimated using AADF from previous year on this link,33,36,17392,52,1653,138,29,11,11,22,20,230,19363
18563,2020,8,Yorkshire and The Humber,195,Bradford,A6177,Major,Station Rd,Kings Rd,416235,434845,53.8096596,-1.75494084,0.4,0.2,Estimated,Estimated using AADF from previous year on this link,38,26,13210,33,1459,121,25,10,9,19,17,202,14930
18563,2021,8,Yorkshire and The Humber,195,Bradford,A6177,Major,Station Rd,Kings Rd,416235,434845,53.8096596,-1.75494084,0.4,0.2,Estimated,Estimated using AADF from previous year on this link,31,28,14554,34,1591,129,27,11,10,21,18,216,16423
18563,2022,8,Yorkshire and The Humber,195,Bradford,A6177,Major,Station Rd,Kings Rd,416235,434845,53.8096596,-1.75494084,0.4,0.2,Estimated,Estimated using AADF from previous year on this link,28,31,15545,36,1724,134,28,12,10,21,19,224,17560
18563,2023,8,Yorkshire and The Humber,195,Bradford,A6177,Major,Station Rd,Kings Rd,416235,434845,53.8096596,-1.75494084,0.4,0.2,Estimated,Estimated using AADF from previous year on this link,27,30,15837,37,1754,132,28,12,10,21,18,220,17878
18563,2024,8,Yorkshire and The Humber,195,Bradford,A6177,Major,Station Rd,Kings Rd,416235,434845,53.8096596,-1.75494084,0.4,0.2,Estimated,Estimated using AADF from previous year on this link,28,31,16077,37,1785,134,28,11,10,20,17,221,18151
18563,2025,8,Yorkshire and The Humber,195,Bradford,A6177,Major,Station Rd,Kings Rd,416235,434845,53.8096596,-1.75494084,0.4,0.2,Counted,Manual count,54,22,15930,10,1506,80,19,29,5,20,7,160,17628
18564,2000,8,Yorkshire and The Humber,195,Bradford,A629,Major,A6034 Rnbt,A650 Rnbt,405000,443541,53.88804438,-1.92541629,3.9,2.4,Counted,Manual count,34,217,23887,137,4065,627,123,167,155,356,132,1560,29866
18564,2001,8,Yorkshire and The Humber,195,Bradford,A629,Major,A6034 Rnbt,A650 Rnbt,405000,443541,53.88804438,-1.92541629,3.9,2.4,Counted,Manual count,29,344,24686,138,3522,1054,158,394,164,327,147,2244,30934
18564,2002,8,Yorkshire and The Humber,195,Bradford,A629,Major,A6034 Rnbt,A650 Rnbt,405000,443541,53.88804438,-1.92541629,3.9,2.4,Estimated,Estimated using AADF from previous year on this link,31,352,25402,143,3551,1081,176,436,153,292,165,2303,31751
18564,2003,8,Yorkshire and The Humber,195,Bradford,A629,Major,A6034 Rnbt,A650 Rnbt,405000,443541,53.88804438,-1.92541629,3.9,2.4,Counted,Manual count,24,347,23422,137,3560,852,145,227,174,283,180,1861,29327
18564,2004,8,Yorkshire and The Humber,195,Bradford,A629,Major,A6034 Rnbt,A650 Rnbt,405000,443541,53.88804438,-1.92541629,3.9,2.4,Estimated,Estimated using AADF from previous year on this link,23,353,23820,114,3962,910,164,265,168,252,199,1958,30207
18564,2005,8,Yorkshire and The Humber,195,Bradford,A629,Major,A6034 Rnbt,A650 Rnbt,405000,443541,53.88804438,-1.92541629,3.9,2.4,Counted,Manual count,24,334,27169,97,4437,804,111,191,184,337,206,1833,33870
18564,2006,8,Yorkshire and The Humber,195,Bradford,A629,Major,A6034 Rnbt,A650 Rnbt,405000,443541,53.88804438,-1.92541629,3.9,2.4,Estimated,Estimated using AADF from previous year on this link,23,362,27632,93,4651,827,111,207,167,301,223,1836,34574
18564,2007,8,Yorkshire and The Humber,195,Bradford,A629,Major,A6034 Rnbt,A650 Rnbt,405000,443541,53.88804438,-1.92541629,3.9,2.4,Counted,Manual count,12,415,26184,121,4359,868,141,142,163,324,300,1938,33017
18564,2008,8,Yorkshire and The Humber,195,Bradford,A629,Major,A6034 Rnbt,A650 Rnbt,405000,443541,53.88804438,-1.92541629,3.9,2.4,Estimated,Estimated using AADF from previous year on this link,12,403,26001,122,4369,845,155,147,153,306,316,1922,32817
18564,2009,8,Yorkshire and The Humber,195,Bradford,A629,Major,A6034 Rnbt,A650 Rnbt,405000,443541,53.88804438,-1.92541629,3.9,2.4,Counted,Manual count,3,359,25951,113,4391,568,168,185,109,288,199,1517,32331
18564,2010,8,Yorkshire and The Humber,195,Bradford,A629,Major,A6034 Rnbt,A650 Rnbt,405000,443541,53.88804438,-1.92541629,3.9,2.4,Counted,Manual count,5,189,26310,105,4294,588,167,132,81,328,207,1503,32401
18564,2011,8,Yorkshire and The Humber,195,Bradford,A629,Major,A6034 Rnbt,A650 Rnbt,405000,443541,53.88804438,-1.92541629,3.9,2.4,Counted,Manual count,5,170,25747,115,4519,665,175,109,143,293,234,1619,32170
18564,2012,8,Yorkshire and The Humber,195,Bradford,A629,Major,A6034 Rnbt,A650 Rnbt,405000,443541,53.88804438,-1.92541629,3.9,2.4,Estimated,Estimated using AADF from previous year on this link,5,165,25562,117,4706,660,187,122,110,288,246,1613,32162
18564,2013,8,Yorkshire and The Humber,195,Bradford,A629,Major,A6034 Rnbt,A650 Rnbt,405000,443541,53.88804438,-1.92541629,3.9,2.4,Counted,Manual count,7,212,25857,117,4482,584,137,204,108,273,164,1470,32138
18564,2014,8,Yorkshire and The Humber,195,Bradford,A629,Major,A6034 Rnbt,A650 Rnbt,405000,443541,53.88804438,-1.92541629,3.9,2.4,Estimated,Estimated using AADF from previous year on this link,5,218,26453,131,4811,559,142,209,108,252,175,1445,33058
18564,2015,8,Yorkshire and The Humber,195,Bradford,A629,Major,A6034 Rnbt,A650 Rnbt,405000,443541,53.88804438,-1.92541629,3.9,2.4,Counted,Manual count,17,334,28840,156,4376,861,110,173,122,300,225,1792,35497
18564,2016,8,Yorkshire and The Humber,195,Bradford,A629,Major,A6034 Rnbt,A650 Rnbt,405000,443541,53.88804438,-1.92541629,3.9,2.4,Estimated,Estimated using AADF from previous year on this link,17,334,29198,154,4726,903,105,199,126,280,232,1846,36258
18564,2017,8,Yorkshire and The Humber,195,Bradford,A629,Major,A6034 Rnbt,A650 Rnbt,405000,443541,53.88804438,-1.92541629,3.9,2.4,Estimated,Estimated using AADF from previous year on this link,17,325,29163,150,5001,930,109,207,128,280,239,1893,36531
18564,2018,8,Yorkshire and The Humber,195,Bradford,A629,Major,A6034 Rnbt,A650 Rnbt,405000,443541,53.88804438,-1.92541629,3.9,2.4,Counted,Manual count,4,280,28786,91,4244,709,126,79,46,78,592,1631,35032
18564,2019,8,Yorkshire and The Humber,195,Bradford,A629,Major,A6034 Rnbt,A650 Rnbt,405000,443541,53.88804438,-1.92541629,3.9,2.4,Estimated,Estimated using AADF from previous year on this link,5,301,28850,90,4230,703,132,82,46,78,587,1628,35098
18564,2020,8,Yorkshire and The Humber,195,Bradford,A629,Major,A6034 Rnbt,A650 Rnbt,405000,443541,53.88804438,-1.92541629,3.9,2.4,Counted,Manual count,4,154,21920,11,4689,723,153,194,64,75,371,1582,28355
18564,2021,8,Yorkshire and The Humber,195,Bradford,A629,Major,A6034 Rnbt,A650 Rnbt,405000,443541,53.88804438,-1.92541629,3.9,2.4,Counted,Automatic counter,3,157,23571,12,5283,777,161,209,67,77,386,1677,30701
18564,2022,8,Yorkshire and The Humber,195,Bradford,A629,Major,A6034 Rnbt,A650 Rnbt,405000,443541,53.88804438,-1.92541629,3.9,2.4,Counted,Manual count,2,181,28090,70,4942,745,126,180,20,79,441,1591,34874
18564,2023,8,Yorkshire and The Humber,195,Bradford,A629,Major,A6034 Rnbt,A650 Rnbt,405000,443541,53.88804438,-1.92541629,3.9,2.4,Counted,Automatic counter,2,161,27529,67,4819,714,114,161,19,76,398,1482,34057
18564,2024,8,Yorkshire and The Humber,195,Bradford,A629,Major,A6034 Rnbt,A650 Rnbt,405000,443541,53.88804438,-1.92541629,3.9,2.4,Counted,Manual count,0,191,29486,70,5282,587,73,174,73,180,311,1399,36428
18564,2025,8,Yorkshire and The Humber,195,Bradford,A629,Major,A6034 Rnbt,A650 Rnbt,405000,443541,53.88804438,-1.92541629,3.9,2.4,Counted,Automatic counter,0,191,28914,67,5239,566,72,172,71,173,300,1354,35765
18646,2000,8,Yorkshire and The Humber,195,Bradford,A65,Major,LA Boundary,Skipton Rd,406262,450972,53.95481903,-1.90606686,0.8,0.5,Estimated,Estimated using AADF from previous year on this link,7,35,7247,47,821,157,76,75,16,70,25,419,8569
18646,2001,8,Yorkshire and The Humber,195,Bradford,A65,Major,LA Boundary,Skipton Rd,406262,450972,53.95481903,-1.90606686,0.8,0.5,Estimated,Estimated using AADF from previous year on this link,7,36,7559,51,831,159,90,77,14,60,28,428,8905
18646,2002,8,Yorkshire and The Humber,195,Bradford,A65,Major,LA Boundary,Skipton Rd,406262,450972,53.95481903,-1.90606686,0.8,0.5,Counted,Dependent on a neighbouring counted link,6,93,8420,81,636,211,59,69,44,79,106,568,9798
18646,2003,8,Yorkshire and The Humber,195,Bradford,A65,Major,LA Boundary,Skipton Rd,406262,450972,53.95481903,-1.90606686,0.8,0.5,Estimated,Estimated using AADF from previous year on this link,5,101,8529,73,713,214,63,76,42,70,117,582,9998
18646,2004,8,Yorkshire and The Humber,195,Bradford,A65,Major,LA Boundary,Skipton Rd,406262,450972,53.95481903,-1.90606686,0.8,0.5,Counted,Dependent on a neighbouring counted link,4,27,7540,70,836,165,30,43,25,59,95,417,8890
18646,2005,8,Yorkshire and The Humber,195,Bradford,A65,Major,LA Boundary,Skipton Rd,406262,450972,53.95481903,-1.90606686,0.8,0.5,Estimated,Estimated using AADF from previous year on this link,4,23,7585,72,866,163,28,45,22,52,101,411,8957
18646,2006,8,Yorkshire and The Humber,195,Bradford,A65,Major,LA Boundary,Skipton Rd,406262,450972,53.95481903,-1.90606686,0.8,0.5,Estimated,Estimated using AADF from previous year on this link,4,23,7585,79,930,159,27,46,22,49,115,418,9035
18646,2007,8,Yorkshire and The Humber,195,Bradford,A65,Major,LA Boundary,Skipton Rd,406262,450972,53.95481903,-1.90606686,0.8,0.5,Estimated,Estimated using AADF from previous year on this link,4,24,7647,86,1053,170,29,54,20,49,125,447,9257
18646,2008,8,Yorkshire and The Humber,195,Bradford,A65,Major,LA Boundary,Skipton Rd,406262,450972,53.95481903,-1.90606686,0.8,0.5,Counted,Dependent on a neighbouring counted link,8,55,7137,36,758,111,42,120,26,40,44,383,8369
18646,2009,8,Yorkshire and The Humber,195,Bradford,A65,Major,LA Boundary,Skipton Rd,406262,450972,53.95481903,-1.90606686,0.8,0.5,Estimated,Estimated using AADF from previous year on this link,10,55,7115,37,756,102,42,114,24,34,43,359,8322
18646,2010,8,Yorkshire and The Humber,195,Bradford,A65,Major,LA Boundary,Skipton Rd,406262,450972,53.95481903,-1.90606686,0.8,0.5,Estimated,Estimated using AADF from previous year on this link,10,49,7015,38,779,106,42,98,27,31,41,345,8226
18646,2011,8,Yorkshire and The Humber,195,Bradford,A65,Major,LA Boundary,Skipton Rd,406262,450972,53.95481903,-1.90606686,0.8,0.5,Estimated,Estimated using AADF from previous year on this link,8,53,6973,39,800,102,44,106,20,29,41,342,8207
18646,2012,8,Yorkshire and The Humber,195,Bradford,A65,Major,LA Boundary,Skipton Rd,406262,450972,53.95481903,-1.90606686,0.8,0.5,Estimated,Estimated using AADF from previous year on this link,7,49,6918,40,827,101,47,118,15,27,42,349,8184
18646,2013,8,Yorkshire and The Humber,195,Bradford,A65,Major,LA Boundary,Skipton Rd,406262,450972,53.95481903,-1.90606686,0.8,0.5,Estimated,Estimated using AADF from previous year on this link,7,51,6902,40,856,97,49,129,11,27,44,357,8206
18646,2014,8,Yorkshire and The Humber,195,Bradford,A65,Major,LA Boundary,Skipton Rd,406262,450972,53.95481903,-1.90606686,0.8,0.5,Estimated,Estimated using AADF from previous year on this link,6,56,6885,41,891,95,52,134,11,24,45,362,8235
18646,2015,8,Yorkshire and The Humber,195,Bradford,A65,Major,LA Boundary,Skipton Rd,406262,450972,53.95481903,-1.90606686,0.8,0.5,Estimated,Estimated using AADF from previous year on this link,6,56,6837,42,971,99,58,140,14,25,46,383,8288
18646,2016,8,Yorkshire and The Humber,195,Bradford,A65,Major,LA Boundary,Skipton Rd,406262,450972,53.95481903,-1.90606686,0.8,0.5,Estimated,Estimated using AADF from previous year on this link,6,56,6922,41,1048,104,56,162,14,23,48,407,8473
18646,2017,8,Yorkshire and The Humber,195,Bradford,A65,Major,LA Boundary,Skipton Rd,406262,450972,53.95481903,-1.90606686,0.8,0.5,Estimated,Estimated using AADF from previous year on this link,6,54,6913,40,1109,107,58,168,15,23,49,419,8536
18646,2018,8,Yorkshire and The Humber,195,Bradford,A65,Major,LA Boundary,Skipton Rd,406262,450972,53.95481903,-1.90606686,0.8,0.5,Counted,Dependent on a neighbouring counted link,28,73,7807,33,1156,124,55,94,32,24,70,399,9469
18646,2019,8,Yorkshire and The Humber,195,Bradford,A65,Major,LA Boundary,Skipton Rd,406262,450972,53.95481903,-1.90606686,0.8,0.5,Estimated,Estimated using AADF from previous year on this link,34,79,7824,33,1152,123,58,97,33,24,69,404,9492
18646,2020,8,Yorkshire and The Humber,195,Bradford,A65,Major,LA Boundary,Skipton Rd,406262,450972,53.95481903,-1.90606686,0.8,0.5,Estimated,Estimated using AADF from previous year on this link,44,59,5714,21,986,111,50,85,29,22,62,359,7139
18646,2021,8,Yorkshire and The Humber,195,Bradford,A65,Major,LA Boundary,Skipton Rd,406262,450972,53.95481903,-1.90606686,0.8,0.5,Estimated,Estimated using AADF from previous year on this link,33,61,6248,25,1130,121,54,93,31,23,65,386,7850
18646,2022,8,Yorkshire and The Humber,195,Bradford,A65,Major,LA Boundary,Skipton Rd,406262,450972,53.95481903,-1.90606686,0.8,0.5,Estimated,Estimated using AADF from previous year on this link,32,67,6706,27,1258,124,56,95,33,23,67,398,8456
18646,2023,8,Yorkshire and The Humber,195,Bradford,A65,Major,LA Boundary,Skipton Rd,406262,450972,53.95481903,-1.90606686,0.8,0.5,Estimated,Estimated using AADF from previous year on this link,30,62,6872,27,1283,125,53,89,32,23,63,385,8629
18646,2024,8,Yorkshire and The Humber,195,Bradford,A65,Major,LA Boundary,Skipton Rd,406262,450972,53.95481903,-1.90606686,0.8,0.5,Estimated,Estimated using AADF from previous year on this link,29,62,6955,26,1306,125,52,89,32,23,62,383,8732
18646,2025,8,Yorkshire and The Humber,195,Bradford,A65,Major,LA Boundary,Skipton Rd,406262,450972,53.95481903,-1.90606686,0.8,0.5,Estimated,Estimated using AADF from previous year on this link,30,64,7029,26,1334,125,53,91,32,23,61,384,8837
27390,2000,8,Yorkshire and The Humber,195,Bradford,A629,Major,B6144,A6033,405000,437300,53.83195102,-1.92551549,1.7,1.1,Counted,Manual count,50,74,8211,93,1924,285,89,176,98,165,55,868,11170
27390,2001,8,Yorkshire and The Humber,195,Bradford,A629,Major,B6144,A6033,405000,437300,53.83195102,-1.92551549,1.7,1.1,Estimated,Estimated using AADF from previous year on this link,44,82,8236,91,1990,281,103,178,88,145,63,858,11257
27390,2002,8,Yorkshire and The Humber,195,Bradford,A629,Major,B6144,A6033,405000,437300,53.83195102,-1.92551549,1.7,1.1,Estimated,Estimated using AADF from previous year on this link,47,81,8335,97,2147,289,114,198,83,132,72,888,11548
27390,2003,8,Yorkshire and The Humber,195,Bradford,A629,Major,B6144,A6033,405000,437300,53.83195102,-1.92551549,1.7,1.1,Counted,Manual count,15,98,9229,104,1783,445,60,86,70,145,87,893,12107
27390,2004,8,Yorkshire and The Humber,195,Bradford,A629,Major,B6144,A6033,405000,437300,53.83195102,-1.92551549,1.7,1.1,Estimated,Estimated using AADF from previous year on this link,14,100,9238,90,1798,461,65,98,66,127,95,912,12138
27390,2005,8,Yorkshire and The Humber,195,Bradford,A629,Major,B6144,A6033,405000,437300,53.83195102,-1.92551549,1.7,1.1,Estimated,Estimated using AADF from previous year on this link,15,92,9229,90,1888,451,62,101,58,109,98,879,12178
27390,2006,8,Yorkshire and The Humber,195,Bradford,A629,Major,B6144,A6033,405000,437300,53.83195102,-1.92551549,1.7,1.1,Estimated,Estimated using AADF from previous year on this link,14,78,9487,85,1980,459,62,108,55,101,111,896,12526
27390,2007,8,Yorkshire and The Humber,195,Bradford,A629,Major,B6144,A6033,405000,437300,53.83195102,-1.92551549,1.7,1.1,Estimated,Estimated using AADF from previous year on this link,15,78,9240,92,2184,501,67,131,50,103,121,973,12567
27390,2008,8,Yorkshire and The Humber,195,Bradford,A629,Major,B6144,A6033,405000,437300,53.83195102,-1.92551549,1.7,1.1,Estimated,Estimated using AADF from previous year on this link,15,78,8898,102,2184,472,71,131,45,94,123,936,12198
27390,2009,8,Yorkshire and The Humber,195,Bradford,A629,Major,B6144,A6033,405000,437300,53.83195102,-1.92551549,1.7,1.1,Counted,Manual count,23,140,7692,77,1566,269,64,45,40,79,68,565,10040
27390,2010,8,Yorkshire and The Humber,195,Bradford,A629,Major,B6144,A6033,405000,437300,53.83195102,-1.92551549,1.7,1.1,Estimated,Estimated using AADF from previous year on this link,23,124,7545,79,1611,281,64,38,46,73,67,569,9928
27390,2011,8,Yorkshire and The Humber,195,Bradford,A629,Major,B6144,A6033,405000,437300,53.83195102,-1.92551549,1.7,1.1,Estimated,Estimated using AADF from previous year on this link,20,135,7568,82,1704,287,70,43,36,73,71,580,10069
27390,2012,8,Yorkshire and The Humber,195,Bradford,A629,Major,B6144,A6033,405000,437300,53.83195102,-1.92551549,1.7,1.1,Estimated,Estimated using AADF from previous year on this link,19,125,7356,81,1788,290,76,49,26,68,71,581,9930
27390,2013,8,Yorkshire and The Humber,195,Bradford,A629,Major,B6144,A6033,405000,437300,53.83195102,-1.92551549,1.7,1.1,Counted,Manual count,47,103,7413,98,1204,249,25,51,30,70,49,475,9294
27390,2014,8,Yorkshire and The Humber,195,Bradford,A629,Major,B6144,A6033,405000,437300,53.83195102,-1.92551549,1.7,1.1,Estimated,Estimated using AADF from previous year on this link,38,106,7517,100,1295,248,27,55,31,67,53,481,9499
27390,2015,8,Yorkshire and The Humber,195,Bradford,A629,Major,B6144,A6033,405000,437300,53.83195102,-1.92551549,1.7,1.1,Estimated,Estimated using AADF from previous year on this link,37,102,7428,102,1386,248,29,55,39,67,54,492,9510
27390,2016,8,Yorkshire and The Humber,195,Bradford,A629,Major,B6144,A6033,405000,437300,53.83195102,-1.92551549,1.7,1.1,Estimated,Estimated using AADF from previous year on this link,37,102,7521,101,1496,260,28,63,40,63,55,509,9729
27390,2017,8,Yorkshire and The Humber,195,Bradford,A629,Major,B6144,A6033,405000,437300,53.83195102,-1.92551549,1.7,1.1,Estimated,Estimated using AADF from previous year on this link,37,99,7512,98,1584,268,29,65,40,63,57,523,9815
27390,2018,8,Yorkshire and The Humber,195,Bradford,A629,Major,B6144,A6033,405216,437229,53.83131081,-1.92223474,1.7,1.1,Counted,Manual count,45,107,8098,93,1503,195,53,47,32,65,89,482,10283
27390,2019,8,Yorkshire and The Humber,195,Bradford,A629,Major,B6144,A6033,405216,437229,53.83131081,-1.92223474,1.7,1.1,Estimated,Estimated using AADF from previous year on this link,55,115,8116,92,1498,193,55,49,32,65,89,484,10304
27390,2020,8,Yorkshire and The Humber,195,Bradford,A629,Major,B6144,A6033,405216,437229,53.83131081,-1.92223474,1.7,1.1,Estimated,Estimated using AADF from previous year on this link,70,86,5926,59,1282,173,48,43,29,60,79,433,7786
27390,2021,8,Yorkshire and The Humber,195,Bradford,A629,Major,B6144,A6033,405216,437229,53.83131081,-1.92223474,1.7,1.1,Estimated,Estimated using AADF from previous year on this link,53,89,6481,70,1468,189,51,47,31,63,83,465,8572
27422,2000,8,Yorkshire and The Humber,195,Bradford,A644,Major,Fleet Lane,A647,410000,430500,53.77076276,-1.8497631,0.9,0.6,Counted,Manual count,56,124,9653,38,1811,131,43,59,45,80,30,388,12014
27422,2001,8,Yorkshire and The Humber,195,Bradford,A644,Major,Fleet Lane,A647,410000,430500,53.77076276,-1.8497631,0.9,0.6,Estimated,Estimated using AADF from previous year on this link,50,138,9682,38,1872,129,50,59,41,70,34,383,12113
27422,2002,8,Yorkshire and The Humber,195,Bradford,A644,Major,Fleet Lane,A647,410000,430500,53.77076276,-1.8497631,0.9,0.6,Estimated,Estimated using AADF from previous year on this link,53,136,9798,40,2019,133,55,65,39,64,40,396,12389
27422,2003,8,Yorkshire and The Humber,195,Bradford,A644,Major,Fleet Lane,A647,410000,430500,53.77076276,-1.8497631,0.9,0.6,Estimated,Estimated using AADF from previous year on this link,45,166,9886,42,2275,131,57,69,37,55,44,393,12762
27422,2004,8,Yorkshire and The Humber,195,Bradford,A644,Major,Fleet Lane,A647,410000,430500,53.77076276,-1.8497631,0.9,0.6,Estimated,Estimated using AADF from previous year on this link,43,172,9897,36,2294,135,62,79,35,48,46,405,12804
27422,2005,8,Yorkshire and The Humber,195,Bradford,A644,Major,Fleet Lane,A647,410000,430500,53.77076276,-1.8497631,0.9,0.6,Counted,Manual count,32,106,9462,20,1763,252,43,152,23,66,30,566,11917
27422,2006,8,Yorkshire and The Humber,195,Bradford,A644,Major,Fleet Lane,A647,410000,430500,53.77076276,-1.8497631,0.9,0.6,Estimated,Estimated using AADF from previous year on this link,30,89,9726,20,1849,256,42,163,22,60,34,577,12261
27422,2007,8,Yorkshire and The Humber,195,Bradford,A644,Major,Fleet Lane,A647,410000,430500,53.77076276,-1.8497631,0.9,0.6,Estimated,Estimated using AADF from previous year on this link,31,89,9474,21,2039,279,46,197,20,62,38,642,12265
27422,2008,8,Yorkshire and The Humber,195,Bradford,A644,Major,Fleet Lane,A647,410000,430500,53.77076276,-1.8497631,0.9,0.6,Estimated,Estimated using AADF from previous year on this link,32,89,9124,23,2039,263,50,197,18,56,38,622,11897
27422,2009,8,Yorkshire and The Humber,195,Bradford,A644,Major,Fleet Lane,A647,410000,430500,53.77076276,-1.8497631,0.9,0.6,Estimated,Estimated using AADF from previous year on this link,37,93,9014,23,2078,239,50,186,15,45,34,569,11777
27422,2010,8,Yorkshire and The Humber,195,Bradford,A644,Major,Fleet Lane,A647,410000,430500,53.77076276,-1.8497631,0.9,0.6,Counted,Manual count,45,60,9969,57,1596,216,59,83,20,49,38,465,12147
27422,2011,8,Yorkshire and The Humber,195,Bradford,A644,Major,Fleet Lane,A647,410000,430500,53.77076276,-1.8497631,0.9,0.6,Estimated,Estimated using AADF from previous year on this link,39,66,9999,59,1689,220,65,95,16,49,40,485,12298
27422,2012,8,Yorkshire and The Humber,195,Bradford,A644,Major,Fleet Lane,A647,410000,430500,53.77076276,-1.8497631,0.9,0.6,Estimated,Estimated using AADF from previous year on this link,36,61,9719,58,1772,223,71,108,12,46,40,499,12109
27422,2013,8,Yorkshire and The Humber,195,Bradford,A644,Major,Fleet Lane,A647,410000,430500,53.77076276,-1.8497631,0.9,0.6,Estimated,Estimated using AADF from previous year on this link,36,62,9539,53,1902,221,76,121,9,43,41,511,12068
27422,2014,8,Yorkshire and The Humber,195,Bradford,A644,Major,Fleet Lane,A647,410000,430500,53.77076276,-1.8497631,0.9,0.6,Counted,Manual count,70,131,8680,29,1826,268,40,56,40,36,68,508,11172
27422,2015,8,Yorkshire and The Humber,195,Bradford,A644,Major,Fleet Lane,A647,410000,430500,53.77076276,-1.8497631,0.9,0.6,Estimated,Estimated using AADF from previous year on this link,69,125,8577,29,1954,269,43,56,49,36,69,521,11207
27422,2016,8,Yorkshire and The Humber,195,Bradford,A644,Major,Fleet Lane,A647,410000,430500,53.77076276,-1.8497631,0.9,0.6,Estimated,Estimated using AADF from previous year on this link,69,125,8683,29,2110,282,41,64,51,33,71,542,11490
27422,2017,8,Yorkshire and The Humber,195,Bradford,A644,Major,Fleet Lane,A647,410000,430500,53.77076276,-1.8497631,0.9,0.6,Estimated,Estimated using AADF from previous year on this link,66,126,8619,27,2222,280,42,66,53,33,74,547,11542
27422,2018,8,Yorkshire and The Humber,195,Bradford,A644,Major,Fleet Lane,A647,410000,430500,53.77076276,-1.8497631,0.9,0.6,Estimated,Estimated using AADF from previous year on this link,73,125,8524,24,2263,282,42,64,54,34,77,553,11490
27422,2019,8,Yorkshire and The Humber,195,Bradford,A644,Major,Fleet Lane,A647,410000,430500,53.77076276,-1.8497631,0.9,0.6,Estimated,Estimated using AADF from previous year on this link,80,117,8631,25,2243,279,42,64,55,35,77,553,11570
27422,2020,8,Yorkshire and The Humber,195,Bradford,A644,Major,Fleet Lane,A647,410000,430500,53.77076276,-1.8497631,0.9,0.6,Estimated,Estimated using AADF from previous year on this link,92,87,6556,16,1980,245,37,57,47,31,67,485,9124
27422,2021,8,Yorkshire and The Humber,195,Bradford,A644,Major,Fleet Lane,A647,410000,430500,53.77076276,-1.8497631,0.9,0.6,Estimated,Estimated using AADF from previous year on this link,75,92,7223,16,2158,262,40,63,51,33,72,521,10010
27422,2022,8,Yorkshire and The Humber,195,Bradford,A644,Major,Fleet Lane,A647,410000,430500,53.77076276,-1.8497631,0.9,0.6,Counted,Manual count,53,58,8833,21,1805,181,26,45,12,12,69,345,11062
27422,2023,8,Yorkshire and The Humber,195,Bradford,A644,Major,Fleet Lane,A647,410000,430500,53.77076276,-1.8497631,0.9,0.6,Estimated,Estimated using AADF from previous year on this link,52,57,8999,22,1836,178,26,45,12,12,66,339,11252
27422,2024,8,Yorkshire and The Humber,195,Bradford,A644,Major,Fleet Lane,A647,410000,430500,53.77076276,-1.8497631,0.9,0.6,Estimated,Estimated using AADF from previous year on this link,53,59,9135,22,1869,181,26,44,12,11,64,338,11422
27422,2025,8,Yorkshire and The Humber,195,Bradford,A644,Major,Fleet Lane,A647,410000,430500,53.77076276,-1.8497631,0.9,0.6,Estimated,Estimated using AADF from previous year on this link,53,60,9146,21,1907,179,26,45,12,11,63,336,11470
27427,2000,8,Yorkshire and The Humber,195,Bradford,A647,Major,A6177,A647 Little Horton Lane,415000,432230,53.78619302,-1.77382101,1.4,0.9,Estimated,Estimated using AADF from previous year on this link,21,30,8059,182,641,159,8,3,4,4,6,184,9096
27427,2001,8,Yorkshire and The Humber,195,Bradford,A647,Major,A6177,A647 Little Horton Lane,415000,432230,53.78619302,-1.77382101,1.4,0.9,Estimated,Estimated using AADF from previous year on this link,21,31,7809,190,645,152,8,3,3,4,6,176,8851
27427,2002,8,Yorkshire and The Humber,195,Bradford,A647,Major,A6177,A647 Little Horton Lane,415000,432230,53.78619302,-1.77382101,1.4,0.9,Estimated,Estimated using AADF from previous year on this link,21,32,7934,192,691,144,8,3,3,4,6,168,9017
27427,2003,8,Yorkshire and The Humber,195,Bradford,A647,Major,A6177,A647 Little Horton Lane,415000,432230,53.78619302,-1.77382101,1.4,0.9,Counted,Manual count,33,42,7565,175,626,85,24,3,4,11,3,130,8538
27427,2004,8,Yorkshire and The Humber,195,Bradford,A647,Major,A6177,A647 Little Horton Lane,415000,432230,53.78619302,-1.77382101,1.4,0.9,Estimated,Estimated using AADF from previous year on this link,26,28,7663,143,689,103,31,4,4,10,3,155,8678
27427,2005,8,Yorkshire and The Humber,195,Bradford,A647,Major,A6177,A647 Little Horton Lane,415000,432230,53.78619302,-1.77382101,1.4,0.9,Estimated,Estimated using AADF from previous year on this link,22,23,7311,135,734,113,32,5,2,8,3,163,8366
27427,2006,8,Yorkshire and The Humber,195,Bradford,A647,Major,A6177,A647 Little Horton Lane,415000,432230,53.78619302,-1.77382101,1.4,0.9,Estimated,Estimated using AADF from previous year on this link,35,20,7171,125,745,109,30,5,2,6,3,155,8216
27427,2007,8,Yorkshire and The Humber,195,Bradford,A647,Major,A6177,A647 Little Horton Lane,415000,432230,53.78619302,-1.77382101,1.4,0.9,Estimated,Estimated using AADF from previous year on this link,22,19,7057,114,785,101,28,5,2,6,3,145,8120
27427,2008,8,Yorkshire and The Humber,195,Bradford,A647,Major,A6177,A647 Little Horton Lane,415000,432230,53.78619302,-1.77382101,1.4,0.9,Estimated,Estimated using AADF from previous year on this link,24,19,6901,99,801,101,31,5,2,5,3,147,7967
27427,2009,8,Yorkshire and The Humber,195,Bradford,A647,Major,A6177,A647 Little Horton Lane,415000,432230,53.78619302,-1.77382101,1.4,0.9,Counted,Manual count,31,13,7009,67,538,51,11,0,0,0,0,62,7689
27427,2010,8,Yorkshire and The Humber,195,Bradford,A647,Major,A6177,A647 Little Horton Lane,415000,432230,53.78619302,-1.77382101,1.4,0.9,Counted,Manual count,19,12,7125,95,584,47,5,1,5,1,0,59,7875
27427,2011,8,Yorkshire and The Humber,195,Bradford,A647,Major,A6177,A647 Little Horton Lane,415000,432230,53.78619302,-1.77382101,1.4,0.9,Estimated,Estimated using AADF from previous year on this link,21,10,7104,89,652,47,5,1,4,1,0,58,7913
27427,2012,8,Yorkshire and The Humber,195,Bradford,A647,Major,A6177,A647 Little Horton Lane,415000,432230,53.78619302,-1.77382101,1.4,0.9,Estimated,Estimated using AADF from previous year on this link,20,10,6993,97,660,48,5,1,3,1,0,58,7817
27427,2013,8,Yorkshire and The Humber,195,Bradford,A647,Major,A6177,A647 Little Horton Lane,415000,432230,53.78619302,-1.77382101,1.4,0.9,Estimated,Estimated using AADF from previous year on this link,20,11,6931,101,686,48,6,1,2,1,0,58,7787
27427,2014,8,Yorkshire and The Humber,195,Bradford,A647,Major,A6177,A647 Little Horton Lane,415000,432230,53.78619302,-1.77382101,1.4,0.9,Estimated,Estimated using AADF from previous year on this link,19,10,7119,97,733,49,7,1,2,1,0,60,8020
27427,2015,8,Yorkshire and The Humber,195,Bradford,A647,Major,A6177,A647 Little Horton Lane,415000,432230,53.78619302,-1.77382101,1.4,0.9,Estimated,Estimated using AADF from previous year on this link,18,9,7260,105,769,47,7,1,2,1,0,57,8201
27427,2016,8,Yorkshire and The Humber,195,Bradford,A647,Major,A6177,A647 Little Horton Lane,415000,432230,53.78619302,-1.77382101,1.4,0.9,Estimated,Estimated using AADF from previous year on this link,16,9,7374,97,840,47,7,2,2,1,0,58,8378
27427,2017,8,Yorkshire and The Humber,195,Bradford,A647,Major,A6177,A647 Little Horton Lane,415000,432230,53.78619302,-1.77382101,1.4,0.9,Estimated,Estimated using AADF from previous year on this link,16,9,7319,91,884,47,7,2,2,1,0,58,8361
27427,2018,8,Yorkshire and The Humber,195,Bradford,A647,Major,A6177,A647 Little Horton Lane,415000,432230,53.78619302,-1.77382101,1.4,0.9,Counted,Manual count,17,17,7682,50,739,44,7,6,0,1,5,62,8550
27427,2019,8,Yorkshire and The Humber,195,Bradford,A647,Major,A6177,A647 Little Horton Lane,415000,432230,53.78619302,-1.77382101,1.4,0.9,Estimated,Estimated using AADF from previous year on this link,19,16,7779,50,732,43,7,6,0,1,5,62,8639
27427,2020,8,Yorkshire and The Humber,195,Bradford,A647,Major,A6177,A647 Little Horton Lane,415000,432230,53.78619302,-1.77382101,1.4,0.9,Estimated,Estimated using AADF from previous year on this link,22,12,5908,32,646,38,6,5,0,1,4,54,6653
27427,2021,8,Yorkshire and The Humber,195,Bradford,A647,Major,A6177,A647 Little Horton Lane,415000,432230,53.78619302,-1.77382101,1.4,0.9,Estimated,Estimated using AADF from previous year on this link,18,13,6509,33,705,41,7,6,0,1,4,58,7318
27427,2022,8,Yorkshire and The Humber,195,Bradford,A647,Major,A6177,A647 Little Horton Lane,415000,432230,53.78619302,-1.77382101,1.4,0.9,Estimated,Estimated using AADF from previous year on this link,16,14,6953,35,764,42,7,6,0,1,4,61,7826
27427,2023,8,Yorkshire and The Humber,195,Bradford,A647,Major,A6177,A647 Little Horton Lane,415000,432230,53.78619302,-1.77382101,1.4,0.9,Estimated,Estimated using AADF from previous year on this link,16,14,7083,36,777,42,7,6,0,1,4,60,7969
27427,2024,8,Yorkshire and The Humber,195,Bradford,A647,Major,A6177,A647 Little Horton Lane,415000,432230,53.78619302,-1.77382101,1.4,0.9,Estimated,Estimated using AADF from previous year on this link,16,14,7191,36,791,42,7,6,0,1,4,60,8091
27430,2000,8,Yorkshire and The Humber,195,Bradford,A650,Major,B6146,A657,412000,437500,53.83363629,-1.81914882,1.9,1.2,Counted,Manual count,93,255,22209,374,3232,558,76,89,145,225,128,1221,27291
27430,2001,8,Yorkshire and The Humber,195,Bradford,A650,Major,B6146,A657,412000,437500,53.83363629,-1.81914882,1.9,1.2,Estimated,Estimated using AADF from previous year on this link,89,265,22654,381,3220,547,87,89,127,193,144,1187,27707
27430,2002,8,Yorkshire and The Humber,195,Bradford,A650,Major,B6146,A657,412000,437500,53.83363629,-1.81914882,1.9,1.2,Counted,Manual count,94,320,21840,324,3111,496,124,82,139,215,136,1192,26787
27430,2003,8,Yorkshire and The Humber,195,Bradford,A650,Major,B6146,A657,412000,437500,53.83363629,-1.81914882,1.9,1.2,Estimated,Estimated using AADF from previous year on this link,84,359,21534,289,3391,532,140,96,133,191,150,1242,26815
27430,2004,8,Yorkshire and The Humber,195,Bradford,A650,Major,B6146,A657,412000,437500,53.83363629,-1.81914882,1.9,1.2,Estimated,Estimated using AADF from previous year on this link,68,316,21577,269,3360,534,150,106,126,168,164,1248,26770
27431,2000,8,Yorkshire and The Humber,195,Bradford,A650,Major,A650 split,A651,419500,430000,53.76600251,-1.70566358,1.7,1.1,Counted,Manual count,73,265,19522,247,3601,737,120,147,200,440,203,1847,25482
27431,2001,8,Yorkshire and The Humber,195,Bradford,A650,Major,A650 split,A651,419500,430000,53.76600251,-1.70566358,1.7,1.1,Estimated,Estimated using AADF from previous year on this link,70,275,19913,251,3586,723,138,147,175,377,228,1788,25813
27431,2002,8,Yorkshire and The Humber,195,Bradford,A650,Major,A650 split,A651,419500,430000,53.76600251,-1.70566358,1.7,1.1,Counted,Manual count,65,283,17679,194,3014,776,132,57,169,386,365,1885,23055
27431,2003,8,Yorkshire and The Humber,195,Bradford,A650,Major,A650 split,A651,419500,430000,53.76600251,-1.70566358,1.7,1.1,Estimated,Estimated using AADF from previous year on this link,58,317,17432,174,3286,833,150,66,162,343,402,1956,23165
27431,2004,8,Yorkshire and The Humber,195,Bradford,A650,Major,A650 split,A651,419500,430000,53.76600251,-1.70566358,1.7,1.1,Counted,Manual count,61,188,17983,206,3171,830,105,82,173,452,307,1949,23497
27431,2005,8,Yorkshire and The Humber,195,Bradford,A650,Major,A650 split,A651,419500,430000,53.76600251,-1.70566358,1.7,1.1,Counted,Manual count,67,254,18129,169,3470,704,112,84,132,455,356,1843,23865
27431,2006,8,Yorkshire and The Humber,195,Bradford,A650,Major,A650 split,A651,419500,430000,53.76600251,-1.70566358,1.9,1.2,Estimated,Estimated using AADF from previous year on this link,104,264,18183,167,3525,720,112,90,119,406,386,1833,23972
27431,2007,8,Yorkshire and The Humber,195,Bradford,A650,Major,A650 split,A651,419500,430000,53.76600251,-1.70566358,1.9,1.2,Counted,Manual count,126,195,18311,179,3401,733,121,104,106,355,305,1724,23810
27431,2008,8,Yorkshire and The Humber,195,Bradford,A650,Major,A650 split,A651,419500,430000,53.76600251,-1.70566358,1.9,1.2,Estimated,Estimated using AADF from previous year on this link,142,182,17963,181,3560,704,131,106,93,312,298,1644,23530
27431,2009,8,Yorkshire and The Humber,195,Bradford,A650,Major,A650 split,A651,419500,430000,53.76600251,-1.70566358,1.9,1.2,Estimated,Estimated using AADF from previous year on this link,142,172,17676,177,3856,677,137,106,88,275,296,1579,23460
27431,2010,8,Yorkshire and The Humber,195,Bradford,A650,Major,A650 split,A651,419500,430000,53.76600251,-1.70566358,1.9,1.2,Counted,Manual count,82,185,17648,153,3454,541,104,92,89,315,241,1382,22822
27431,2011,8,Yorkshire and The Humber,195,Bradford,A650,Major,A650 split,A651,419500,430000,53.76600251,-1.70566358,1.9,1.2,Estimated,Estimated using AADF from previous year on this link,90,196,17560,153,3561,539,112,103,69,311,255,1389,22859
27431,2012,8,Yorkshire and The Humber,195,Bradford,A650,Major,A650 split,A651,419500,430000,53.76600251,-1.70566358,1.9,1.2,Estimated,Estimated using AADF from previous year on this link,85,177,17486,164,3420,477,107,103,50,288,253,1278,22524
27431,2013,8,Yorkshire and The Humber,195,Bradford,A650,Major,A650 split,A651,419500,430000,53.76600251,-1.70566358,1.9,1.2,Estimated,Estimated using AADF from previous year on this link,84,177,17386,155,3459,475,115,115,37,270,254,1266,22443
27431,2014,8,Yorkshire and The Humber,195,Bradford,A650,Major,A650 split,A651,419500,430000,53.76600251,-1.70566358,1.9,1.2,Counted,Manual count,123,203,18615,245,2968,761,65,118,91,249,305,1590,23622
27431,2015,8,Yorkshire and The Humber,195,Bradford,A650,Major,A650 split,A651,419500,430000,53.76600251,-1.70566358,1.9,1.2,Estimated,Estimated using AADF from previous year on this link,114,207,18274,243,3122,740,69,115,111,246,301,1581,23427
27431,2016,8,Yorkshire and The Humber,195,Bradford,A650,Major,A650 split,A651,419500,430000,53.76600251,-1.70566358,1.9,1.2,Estimated,Estimated using AADF from previous year on this link,106,202,18559,225,3410,751,68,129,115,218,296,1578,23974
27431,2017,8,Yorkshire and The Humber,195,Bradford,A650,Major,A650 split,A651,419500,430000,53.76600251,-1.70566358,1.9,1.2,Estimated,Estimated using AADF from previous year on this link,102,204,18422,210,3590,745,69,132,120,217,308,1592,24019
27431,2018,8,Yorkshire and The Humber,195,Bradford,A650,Major,A650 split,A651,419500,430000,53.76600251,-1.70566358,1.9,1.2,Counted,Manual count,117,210,18182,173,3437,549,125,111,74,285,264,1407,23408
27431,2019,8,Yorkshire and The Humber,195,Bradford,A650,Major,A650 split,A651,419500,430000,53.76600251,-1.70566358,1.9,1.2,Estimated,Estimated using AADF from previous year on this link,128,196,18410,175,3407,542,127,111,75,292,264,1412,23601
27431,2020,8,Yorkshire and The Humber,195,Bradford,A650,Major,A650 split,A651,419500,430000,53.76600251,-1.70566358,1.9,1.2,Estimated,Estimated using AADF from previous year on this link,147,145,13984,111,3006,477,110,100,65,259,230,1240,18487
27431,2021,8,Yorkshire and The Humber,195,Bradford,A650,Major,A650 split,A651,419500,430000,53.76600251,-1.70566358,1.9,1.2,Estimated,Estimated using AADF from previous year on this link,120,154,15406,114,3277,510,119,109,70,276,246,1329,20281
27440,2000,8,Yorkshire and The Humber,195,Bradford,A658,Major,A6177,A6176,418030,435000,53.81099414,-1.72767362,1.2,0.7,Counted,Manual count,30,104,10634,182,1532,275,43,35,39,77,42,511,12963
27440,2001,8,Yorkshire and The Humber,195,Bradford,A658,Major,A6177,A6176,418030,435000,53.81099414,-1.72767362,1.2,0.7,Estimated,Estimated using AADF from previous year on this link,28,109,10304,190,1543,263,48,34,32,61,44,482,12628
27440,2002,8,Yorkshire and The Humber,195,Bradford,A658,Major,A6177,A6176,418030,435000,53.81099414,-1.72767362,1.2,0.7,Estimated,Estimated using AADF from previous year on this link,29,113,10468,192,1654,249,49,34,29,53,49,463,12890
27440,2003,8,Yorkshire and The Humber,195,Bradford,A658,Major,A6177,A6176,418030,435000,53.81099414,-1.72767362,1.2,0.7,Estimated,Estimated using AADF from previous year on this link,26,161,10081,186,1796,241,50,36,27,48,54,456,12680
27440,2004,8,Yorkshire and The Humber,195,Bradford,A658,Major,A6177,A6176,418030,435000,53.81099414,-1.72767362,1.2,0.7,Estimated,Estimated using AADF from previous year on this link,21,105,10211,153,1977,294,64,48,29,44,64,543,12989
27440,2005,8,Yorkshire and The Humber,195,Bradford,A658,Major,A6177,A6176,418030,435000,53.81099414,-1.72767362,1.2,0.7,Estimated,Estimated using AADF from previous year on this link,18,87,9742,145,2108,319,68,55,23,36,62,563,12645
27440,2006,8,Yorkshire and The Humber,195,Bradford,A658,Major,A6177,A6176,418030,435000,53.81099414,-1.72767362,1.2,0.7,Estimated,Estimated using AADF from previous year on this link,28,75,9556,134,2140,307,64,55,18,28,59,531,12436
27440,2007,8,Yorkshire and The Humber,195,Bradford,A658,Major,A6177,A6176,418030,435000,53.81099414,-1.72767362,1.2,0.7,Counted,Manual count,6,86,11911,265,2058,341,47,81,26,94,55,644,14964
27440,2008,8,Yorkshire and The Humber,195,Bradford,A658,Major,A6177,A6176,418030,435000,53.81099414,-1.72767362,1.2,0.7,Estimated,Estimated using AADF from previous year on this link,7,82,11649,230,2102,341,54,85,22,82,53,637,14700
27440,2009,8,Yorkshire and The Humber,195,Bradford,A658,Major,A6177,A6176,418030,435000,53.81099414,-1.72767362,1.2,0.7,Estimated,Estimated using AADF from previous year on this link,7,91,11905,228,2134,310,54,80,20,70,51,585,14943
27440,2010,8,Yorkshire and The Humber,195,Bradford,A658,Major,A6177,A6176,418030,435000,53.81099414,-1.72767362,1.2,0.7,Estimated,Estimated using AADF from previous year on this link,7,87,11833,259,2279,330,54,70,23,66,51,594,15052
27440,2011,8,Yorkshire and The Humber,195,Bradford,A658,Major,A6177,A6176,418030,435000,53.81099414,-1.72767362,1.2,0.7,Estimated,Estimated using AADF from previous year on this link,8,74,11798,245,2543,335,59,81,18,68,56,617,15277
27440,2012,8,Yorkshire and The Humber,195,Bradford,A658,Major,A6177,A6176,418030,435000,53.81099414,-1.72767362,1.2,0.7,Estimated,Estimated using AADF from previous year on this link,8,71,11614,266,2573,339,64,92,13,61,53,622,15146
27440,2013,8,Yorkshire and The Humber,195,Bradford,A658,Major,A6177,A6176,418030,435000,53.81099414,-1.72767362,1.2,0.7,Estimated,Estimated using AADF from previous year on this link,7,79,11511,278,2674,342,70,105,9,57,54,637,15181
27440,2014,8,Yorkshire and The Humber,195,Bradford,A658,Major,A6177,A6176,418030,435000,53.81099414,-1.72767362,1.2,0.7,Estimated,Estimated using AADF from previous year on this link,7,75,11824,268,2860,350,78,115,8,47,51,648,15676
27440,2015,8,Yorkshire and The Humber,195,Bradford,A658,Major,A6177,A6176,418030,435000,53.81099414,-1.72767362,1.2,0.7,Estimated,Estimated using AADF from previous year on this link,7,67,12058,289,2999,332,79,109,10,45,49,625,16037
27440,2016,8,Yorkshire and The Humber,195,Bradford,A658,Major,A6177,A6176,418030,435000,53.81099414,-1.72767362,1.2,0.7,Counted,Manual count,28,65,10649,156,1525,160,52,41,7,42,30,332,12726
27440,2017,8,Yorkshire and The Humber,195,Bradford,A658,Major,A6177,A6176,418030,435000,53.81099414,-1.72767362,1.2,0.7,Estimated,Estimated using AADF from previous year on this link,27,65,10570,145,1605,159,53,42,8,42,31,334,12720
27440,2018,8,Yorkshire and The Humber,195,Bradford,A658,Major,A6177,A6176,418030,435000,53.81099414,-1.72767362,1.2,0.7,Estimated,Estimated using AADF from previous year on this link,30,65,10454,132,1635,160,52,41,8,43,32,337,12623
27440,2019,8,Yorkshire and The Humber,195,Bradford,A658,Major,A6177,A6176,418030,435000,53.81099414,-1.72767362,1.2,0.7,Estimated,Estimated using AADF from previous year on this link,32,61,10585,133,1621,158,53,41,8,44,32,337,12737
27440,2020,8,Yorkshire and The Humber,195,Bradford,A658,Major,A6177,A6176,418030,435000,53.81099414,-1.72767362,1.2,0.7,Estimated,Estimated using AADF from previous year on this link,37,45,8040,84,1431,139,46,37,7,39,28,296,9896
27440,2021,8,Yorkshire and The Humber,195,Bradford,A658,Major,A6177,A6176,418030,435000,53.81099414,-1.72767362,1.2,0.7,Estimated,Estimated using AADF from previous year on this link,30,48,8858,87,1560,149,50,41,7,42,30,318,10870
27440,2022,8,Yorkshire and The Humber,195,Bradford,A658,Major,A6177,A6176,418030,435000,53.81099414,-1.72767362,1.2,0.7,Estimated,Estimated using AADF from previous year on this link,27,52,9461,93,1691,154,51,43,8,43,31,329,11627
27440,2023,8,Yorkshire and The Humber,195,Bradford,A658,Major,A6177,A6176,418030,435000,53.81099414,-1.72767362,1.2,0.7,Estimated,Estimated using AADF from previous year on this link,27,51,9639,94,1719,152,50,42,8,42,30,324,11828
27440,2024,8,Yorkshire and The Humber,195,Bradford,A658,Major,A6177,A6176,418030,435000,53.81099414,-1.72767362,1.2,0.7,Counted,Manual count,38,26,11896,97,1575,112,49,75,11,19,60,327,13920
27440,2025,8,Yorkshire and The Humber,195,Bradford,A658,Major,A6177,A6176,418030,435000,53.81099414,-1.72767362,1.2,0.7,Estimated,Estimated using AADF from previous year on this link,38,26,11911,95,1607,111,49,77,12,19,59,326,13965
27805,2000,8,Yorkshire and The Humber,195,Bradford,A6036,Major,LA Boundary,A641,415000,429460,53.76129666,-1.77395466,2.8,1.7,Counted,Manual count,26,93,15390,208,2195,275,48,31,31,84,31,500,18386
27805,2001,8,Yorkshire and The Humber,195,Bradford,A6036,Major,LA Boundary,A641,415000,429460,53.76129666,-1.77395466,2.8,1.7,Counted,Manual count,45,173,15422,210,2193,371,59,43,42,86,53,654,18652
27805,2002,8,Yorkshire and The Humber,195,Bradford,A6036,Major,LA Boundary,A641,415000,429460,53.76129666,-1.77395466,2.8,1.7,Counted,Manual count,16,69,16318,242,2147,607,56,67,42,81,53,906,19682
27805,2003,8,Yorkshire and The Humber,195,Bradford,A6036,Major,LA Boundary,A641,415000,429460,53.76129666,-1.77395466,2.8,1.7,Counted,Manual count,64,127,15109,227,2183,412,68,42,28,73,58,681,18327
27805,2004,8,Yorkshire and The Humber,195,Bradford,A6036,Major,LA Boundary,A641,415000,429460,53.76129666,-1.77395466,2.8,1.7,Counted,Manual count,35,158,15637,284,2107,379,69,43,34,78,47,650,18836
27805,2005,8,Yorkshire and The Humber,195,Bradford,A6036,Major,LA Boundary,A641,415000,429460,53.76129666,-1.77395466,2.8,1.7,Counted,Manual count,25,109,15169,276,2082,283,52,42,36,73,40,526,18162
27805,2006,8,Yorkshire and The Humber,195,Bradford,A6036,Major,LA Boundary,A641,415000,429460,53.76129666,-1.77395466,2.8,1.7,Counted,Manual count,27,113,16493,317,2198,365,56,61,28,68,44,622,19743
27805,2007,8,Yorkshire and The Humber,195,Bradford,A6036,Major,LA Boundary,A641,415000,429460,53.76129666,-1.77395466,2.8,1.7,Counted,Manual count,15,86,15780,248,2385,339,81,210,25,77,44,776,19275
27805,2008,8,Yorkshire and The Humber,195,Bradford,A6036,Major,LA Boundary,A641,415000,429460,53.76129666,-1.77395466,2.8,1.7,Counted,Manual count,77,140,15923,284,2412,333,64,38,17,46,28,526,19285
27805,2009,8,Yorkshire and The Humber,195,Bradford,A6036,Major,LA Boundary,A641,415000,429460,53.76129666,-1.77395466,2.8,1.7,Estimated,Estimated using AADF from previous year on this link,77,156,16273,280,2448,303,64,36,16,40,28,487,19644
27805,2010,8,Yorkshire and The Humber,195,Bradford,A6036,Major,LA Boundary,A641,415000,429460,53.76129666,-1.77395466,2.8,1.7,Estimated,Estimated using AADF from previous year on this link,77,148,16176,317,2614,322,64,32,19,38,28,503,19758
27805,2011,8,Yorkshire and The Humber,195,Bradford,A6036,Major,LA Boundary,A641,415000,429460,53.76129666,-1.77395466,2.8,1.7,Estimated,Estimated using AADF from previous year on this link,85,125,16127,299,2917,327,70,37,16,40,31,521,19989
27805,2012,8,Yorkshire and The Humber,195,Bradford,A6036,Major,LA Boundary,A641,415000,429460,53.76129666,-1.77395466,2.8,1.7,Counted,Manual count,44,68,14482,177,2385,263,42,98,18,58,34,513,17625
27805,2013,8,Yorkshire and The Humber,195,Bradford,A6036,Major,LA Boundary,A641,415000,429460,53.76129666,-1.77395466,2.8,1.7,Estimated,Estimated using AADF from previous year on this link,43,75,14355,185,2479,265,46,111,13,55,35,526,17620
27805,2014,8,Yorkshire and The Humber,195,Bradford,A6036,Major,LA Boundary,A641,415000,429460,53.76129666,-1.77395466,2.8,1.7,Estimated,Estimated using AADF from previous year on this link,42,72,14744,178,2651,271,51,121,12,45,33,534,18179
27805,2015,8,Yorkshire and The Humber,195,Bradford,A6036,Major,LA Boundary,A641,415000,429460,53.76129666,-1.77395466,2.8,1.7,Estimated,Estimated using AADF from previous year on this link,39,64,15036,192,2780,257,52,115,14,44,32,514,18586
27805,2016,8,Yorkshire and The Humber,195,Bradford,A6036,Major,LA Boundary,A641,415000,429460,53.76129666,-1.77395466,2.8,1.7,Estimated,Estimated using AADF from previous year on this link,36,62,15271,178,3036,261,52,130,14,39,31,527,19075
27805,2017,8,Yorkshire and The Humber,195,Bradford,A6036,Major,LA Boundary,A641,415000,429460,53.76129666,-1.77395466,2.8,1.7,Estimated,Estimated using AADF from previous year on this link,35,63,15158,166,3197,259,53,133,15,39,33,531,19115
27805,2018,8,Yorkshire and The Humber,195,Bradford,A6036,Major,LA Boundary,A641,415000,429460,53.76129666,-1.77395466,2.9,1.8,Counted,Manual count,63,104,15240,165,2490,182,53,55,21,81,66,460,18459
27805,2019,8,Yorkshire and The Humber,195,Bradford,A6036,Major,LA Boundary,A641,415000,429460,53.76129666,-1.77395466,2.9,1.8,Estimated,Estimated using AADF from previous year on this link,69,98,15432,167,2468,180,54,56,22,83,66,461,18626
27805,2020,8,Yorkshire and The Humber,195,Bradford,A6036,Major,LA Boundary,A641,415000,429460,53.76129666,-1.77395466,2.9,1.8,Estimated,Estimated using AADF from previous year on this link,79,72,11721,105,2178,158,47,50,19,74,58,405,14483
27805,2021,8,Yorkshire and The Humber,195,Bradford,A6036,Major,LA Boundary,A641,415000,429460,53.76129666,-1.77395466,2.9,1.8,Estimated,Estimated using AADF from previous year on this link,65,76,12914,109,2375,169,51,54,20,79,62,435,15909
27805,2022,8,Yorkshire and The Humber,195,Bradford,A6036,Major,LA Boundary,A641,415000,429460,53.76129666,-1.77395466,2.9,1.8,Estimated,Estimated using AADF from previous year on this link,58,84,13793,117,2574,175,52,58,21,81,63,450,17018
27805,2023,8,Yorkshire and The Humber,195,Bradford,A6036,Major,LA Boundary,A641,415000,429460,53.76129666,-1.77395466,2.9,1.8,Estimated,Estimated using AADF from previous year on this link,57,82,14052,118,2618,173,51,57,21,79,61,442,17313
27805,2024,8,Yorkshire and The Humber,195,Bradford,A6036,Major,LA Boundary,A641,415000,429460,53.76129666,-1.77395466,2.9,1.8,Estimated,Estimated using AADF from previous year on this link,58,85,14265,119,2665,176,52,56,21,76,59,438,17572
27805,2025,8,Yorkshire and The Humber,195,Bradford,A6036,Major,LA Boundary,A641,415000,429460,53.76129666,-1.77395466,2.9,1.8,Estimated,Estimated using AADF from previous year on this link,58,87,14282,116,2719,174,52,57,21,74,58,436,17640
27806,2000,8,Yorkshire and The Humber,195,Bradford,A6037,Major,A650,King's Rd,416500,434000,53.80205661,-1.75096141,0.6,0.4,Counted,Manual count,58,234,35574,269,4997,468,75,69,80,110,56,858,41932
27806,2001,8,Yorkshire and The Humber,195,Bradford,A6037,Major,A650,King's Rd,416500,434000,53.80205661,-1.75096141,0.6,0.4,Estimated,Estimated using AADF from previous year on this link,56,243,36285,274,4977,459,86,69,70,94,63,841,42620
27806,2002,8,Yorkshire and The Humber,195,Bradford,A6037,Major,A650,King's Rd,416500,434000,53.80205661,-1.75096141,0.6,0.4,Estimated,Estimated using AADF from previous year on this link,58,245,36212,280,4987,442,90,72,63,82,69,818,42542
27806,2003,8,Yorkshire and The Humber,195,Bradford,A6037,Major,A650,King's Rd,416500,434000,53.80205661,-1.75096141,0.6,0.4,Counted,Manual count,68,352,32475,235,5818,1023,85,101,145,258,136,1748,40628
27806,2004,8,Yorkshire and The Humber,195,Bradford,A6037,Major,A650,King's Rd,416500,434000,53.80205661,-1.75096141,0.6,0.4,Estimated,Estimated using AADF from previous year on this link,56,311,32539,218,5766,1027,90,111,138,228,150,1744,40578
27806,2005,8,Yorkshire and The Humber,195,Bradford,A6037,Major,A650,King's Rd,416500,434000,53.80205661,-1.75096141,0.6,0.4,Counted,Manual count,56,325,33496,310,4861,1109,142,101,110,313,169,1944,40936
27806,2006,8,Yorkshire and The Humber,195,Bradford,A6037,Major,A650,King's Rd,416500,434000,53.80205661,-1.75096141,0.6,0.4,Estimated,Estimated using AADF from previous year on this link,88,339,33597,306,4939,1135,141,109,100,280,183,1948,41129
27806,2007,8,Yorkshire and The Humber,195,Bradford,A6037,Major,A650,King's Rd,416500,434000,53.80205661,-1.75096141,0.6,0.4,Estimated,Estimated using AADF from previous year on this link,56,342,32017,294,5388,1120,139,118,85,264,187,1913,39954
27806,2008,8,Yorkshire and The Humber,195,Bradford,A6037,Major,A650,King's Rd,416500,434000,53.80205661,-1.75096141,0.6,0.4,Estimated,Estimated using AADF from previous year on this link,62,319,31409,297,5641,1075,151,120,75,233,181,1835,39501
27806,2009,8,Yorkshire and The Humber,195,Bradford,A6037,Major,A650,King's Rd,416500,434000,53.80205661,-1.75096141,0.6,0.4,Counted,Manual count,49,309,33121,265,5569,726,131,134,115,337,212,1655,40919
27806,2010,8,Yorkshire and The Humber,195,Bradford,A6037,Major,A650,King's Rd,416500,434000,53.80205661,-1.75096141,0.6,0.4,Counted,Manual count,46,280,32935,287,5194,761,166,99,101,302,173,1602,40298
27806,2011,8,Yorkshire and The Humber,195,Bradford,A6037,Major,A650,King's Rd,416500,434000,53.80205661,-1.75096141,0.6,0.4,Estimated,Estimated using AADF from previous year on this link,51,297,32771,287,5355,758,178,111,78,298,182,1605,40315
27806,2012,8,Yorkshire and The Humber,195,Bradford,A6037,Major,A650,King's Rd,416500,434000,53.80205661,-1.75096141,0.6,0.4,Counted,Manual count,54,218,32544,313,4833,585,137,67,88,299,232,1409,39317
27806,2013,8,Yorkshire and The Humber,195,Bradford,A6037,Major,A650,King's Rd,416500,434000,53.80205661,-1.75096141,0.6,0.4,Estimated,Estimated using AADF from previous year on this link,53,218,32360,294,4888,584,147,76,65,280,233,1384,39144
27806,2014,8,Yorkshire and The Humber,195,Bradford,A6037,Major,A650,King's Rd,416500,434000,53.80205661,-1.75096141,0.6,0.4,Counted,Manual count,67,279,31980,305,4525,1077,158,133,86,319,242,2015,39104
27806,2015,8,Yorkshire and The Humber,195,Bradford,A6037,Major,A650,King's Rd,416500,434000,53.80205661,-1.75096141,0.6,0.4,Estimated,Estimated using AADF from previous year on this link,63,284,31393,302,4760,1047,166,129,105,314,239,2001,38740
27806,2016,8,Yorkshire and The Humber,195,Bradford,A6037,Major,A650,King's Rd,416500,434000,53.80205661,-1.75096141,0.6,0.4,Counted,Manual count,73,308,35469,259,5736,788,111,109,103,324,237,1671,43444
27806,2017,8,Yorkshire and The Humber,195,Bradford,A6037,Major,A650,King's Rd,416500,434000,53.80205661,-1.75096141,0.6,0.4,Counted,Manual count,41,293,33691,232,5793,707,168,136,81,334,232,1658,41667
27806,2018,8,Yorkshire and The Humber,195,Bradford,A6037,Major,A650,King's Rd,416500,434000,53.80205661,-1.75096141,0.6,0.4,Estimated,Estimated using AADF from previous year on this link,45,290,33320,210,5901,714,168,132,82,345,243,1683,41404
27806,2019,8,Yorkshire and The Humber,195,Bradford,A6037,Major,A650,King's Rd,416500,434000,53.80205661,-1.75096141,0.6,0.4,Counted,Manual count,49,198,33253,282,5405,625,198,164,98,327,152,1563,40701
27806,2020,8,Yorkshire and The Humber,195,Bradford,A6037,Major,A650,King's Rd,416500,434000,53.80205661,-1.75096141,0.6,0.4,Estimated,Estimated using AADF from previous year on this link,56,146,25258,178,4770,549,172,147,84,289,133,1374,31726
27806,2021,8,Yorkshire and The Humber,195,Bradford,A6037,Major,A650,King's Rd,416500,434000,53.80205661,-1.75096141,0.6,0.4,Counted,Manual count,43,164,30251,215,5813,868,189,109,59,177,475,1877,38320
27806,2022,8,Yorkshire and The Humber,195,Bradford,A6037,Major,A650,King's Rd,416500,434000,53.80205661,-1.75096141,0.6,0.4,Estimated,Estimated using AADF from previous year on this link,39,179,32311,231,6302,898,195,115,62,182,485,1938,40961
27806,2023,8,Yorkshire and The Humber,195,Bradford,A6037,Major,A650,King's Rd,416500,434000,53.80205661,-1.75096141,0.6,0.4,Counted,Manual count,9,149,35374,216,5644,896,108,105,35,362,191,1697,43080
27806,2024,8,Yorkshire and The Humber,195,Bradford,A6037,Major,A650,King's Rd,416500,434000,53.80205661,-1.75096141,0.6,0.4,Estimated,Estimated using AADF from previous year on this link,10,153,35910,217,5746,910,108,103,35,350,184,1690,43715
27806,2025,8,Yorkshire and The Humber,195,Bradford,A6037,Major,A650,King's Rd,416500,434000,53.80205661,-1.75096141,0.6,0.4,Estimated,Estimated using AADF from previous year on this link,10,156,35953,212,5863,900,108,105,35,342,181,1672,43857
27807,2000,8,Yorkshire and The Humber,195,Bradford,A6038,Major,Centenary Rd,LA Boundary,417160,440000,53.85596223,-1.74060777,2.0,1.2,Counted,Manual count,55,296,16176,153,1286,516,48,17,30,40,13,664,18575
27807,2001,8,Yorkshire and The Humber,195,Bradford,A6038,Major,Centenary Rd,LA Boundary,417160,440000,53.85596223,-1.74060777,2.0,1.2,Counted,Manual count,43,162,16604,105,1534,306,52,42,13,37,15,465,18870
27807,2002,8,Yorkshire and The Humber,195,Bradford,A6038,Major,Centenary Rd,LA Boundary,417160,440000,53.85596223,-1.74060777,2.0,1.2,Counted,Manual count,37,122,16577,123,1625,302,41,33,25,33,17,451,18898
27807,2003,8,Yorkshire and The Humber,195,Bradford,A6038,Major,Centenary Rd,LA Boundary,417160,440000,53.85596223,-1.74060777,2.0,1.2,Estimated,Estimated using AADF from previous year on this link,31,133,16941,121,1799,314,45,38,24,30,19,470,19464
27807,2004,8,Yorkshire and The Humber,195,Bradford,A6038,Major,Centenary Rd,LA Boundary,417160,440000,53.85596223,-1.74060777,2.0,1.2,Estimated,Estimated using AADF from previous year on this link,31,135,17230,100,2002,335,51,43,23,26,20,498,19965
27807,2005,8,Yorkshire and The Humber,195,Bradford,A6038,Major,Centenary Rd,LA Boundary,417160,440000,53.85596223,-1.74060777,2.0,1.2,Counted,Manual count,50,142,18090,167,1921,302,42,40,15,50,15,464,20784
27807,2006,8,Yorkshire and The Humber,195,Bradford,A6038,Major,Centenary Rd,LA Boundary,417160,440000,53.85596223,-1.74060777,2.0,1.2,Estimated,Estimated using AADF from previous year on this link,48,153,18397,161,2013,311,42,43,14,45,17,472,21196
27807,2007,8,Yorkshire and The Humber,195,Bradford,A6038,Major,Centenary Rd,LA Boundary,417160,440000,53.85596223,-1.74060777,2.0,1.2,Estimated,Estimated using AADF from previous year on this link,48,155,18269,151,2230,316,43,49,12,43,17,480,21285
27807,2008,8,Yorkshire and The Humber,195,Bradford,A6038,Major,Centenary Rd,LA Boundary,417160,440000,53.85596223,-1.74060777,2.0,1.2,Estimated,Estimated using AADF from previous year on this link,48,150,18140,154,2235,308,47,50,12,40,19,476,21155
27807,2009,8,Yorkshire and The Humber,195,Bradford,A6038,Major,Centenary Rd,LA Boundary,417160,440000,53.85596223,-1.74060777,2.0,1.2,Counted,Manual count,102,131,17104,121,2050,213,44,69,14,29,27,396,19802
27807,2010,8,Yorkshire and The Humber,195,Bradford,A6038,Major,Centenary Rd,LA Boundary,417160,440000,53.85596223,-1.74060777,2.0,1.2,Estimated,Estimated using AADF from previous year on this link,104,116,16694,129,2103,223,44,59,16,27,27,396,19438
27807,2011,8,Yorkshire and The Humber,195,Bradford,A6038,Major,Centenary Rd,LA Boundary,417160,440000,53.85596223,-1.74060777,2.0,1.2,Estimated,Estimated using AADF from previous year on this link,90,114,16593,131,2152,219,46,66,12,27,29,399,19389
27807,2012,8,Yorkshire and The Humber,195,Bradford,A6038,Major,Centenary Rd,LA Boundary,417160,440000,53.85596223,-1.74060777,2.0,1.2,Counted,Manual count,122,184,17030,90,1967,261,48,34,19,40,33,435,19705
27807,2013,8,Yorkshire and The Humber,195,Bradford,A6038,Major,Centenary Rd,LA Boundary,417160,440000,53.85596223,-1.74060777,2.0,1.2,Estimated,Estimated using AADF from previous year on this link,121,195,16827,92,2088,266,53,39,14,39,35,446,19648
27807,2014,8,Yorkshire and The Humber,195,Bradford,A6038,Major,Centenary Rd,LA Boundary,417160,440000,53.85596223,-1.74060777,2.0,1.2,Estimated,Estimated using AADF from previous year on this link,97,201,17215,104,2241,254,55,39,15,36,38,437,20197
27807,2015,8,Yorkshire and The Humber,195,Bradford,A6038,Major,Centenary Rd,LA Boundary,417160,440000,53.85596223,-1.74060777,2.0,1.2,Estimated,Estimated using AADF from previous year on this link,96,207,17734,102,2491,266,62,41,19,37,39,464,20998
27807,2016,8,Yorkshire and The Humber,195,Bradford,A6038,Major,Centenary Rd,LA Boundary,417160,440000,53.85596223,-1.74060777,2.0,1.2,Estimated,Estimated using AADF from previous year on this link,96,208,17954,101,2690,279,59,47,19,35,40,480,21432
27807,2017,8,Yorkshire and The Humber,195,Bradford,A6038,Major,Centenary Rd,LA Boundary,417160,440000,53.85596223,-1.74060777,2.0,1.2,Estimated,Estimated using AADF from previous year on this link,96,202,17932,98,2847,287,61,49,19,35,41,493,21572
27807,2018,8,Yorkshire and The Humber,195,Bradford,A6038,Major,Centenary Rd,LA Boundary,417160,440000,53.85596223,-1.74060777,2.0,1.2,Counted,Manual count,168,186,18087,61,2648,287,49,67,33,48,27,511,21492
27807,2019,8,Yorkshire and The Humber,195,Bradford,A6038,Major,Centenary Rd,LA Boundary,417160,440000,53.85596223,-1.74060777,2.0,1.2,Estimated,Estimated using AADF from previous year on this link,204,200,18126,60,2639,284,51,70,33,48,27,513,21538
27807,2020,8,Yorkshire and The Humber,195,Bradford,A6038,Major,Centenary Rd,LA Boundary,417160,440000,53.85596223,-1.74060777,2.0,1.2,Estimated,Estimated using AADF from previous year on this link,261,148,13237,39,2259,256,45,61,30,44,24,459,16142
27807,2021,8,Yorkshire and The Humber,195,Bradford,A6038,Major,Centenary Rd,LA Boundary,417160,440000,53.85596223,-1.74060777,2.0,1.2,Estimated,Estimated using AADF from previous year on this link,195,154,14475,46,2587,279,48,67,31,46,25,496,17757
27807,2022,8,Yorkshire and The Humber,195,Bradford,A6038,Major,Centenary Rd,LA Boundary,417160,440000,53.85596223,-1.74060777,2.0,1.2,Counted,Manual count,122,124,14657,48,2262,149,33,68,9,50,45,355,17446
27807,2023,8,Yorkshire and The Humber,195,Bradford,A6038,Major,Centenary Rd,LA Boundary,417160,440000,53.85596223,-1.74060777,2.0,1.2,Estimated,Estimated using AADF from previous year on this link,116,116,15020,48,2307,150,32,63,9,50,43,346,17836
27807,2024,8,Yorkshire and The Humber,195,Bradford,A6038,Major,Centenary Rd,LA Boundary,417160,440000,53.85596223,-1.74060777,2.0,1.2,Estimated,Estimated using AADF from previous year on this link,111,115,15200,48,2348,150,31,63,9,49,42,345,18056
27807,2025,8,Yorkshire and The Humber,195,Bradford,A6038,Major,Centenary Rd,LA Boundary,417160,440000,53.85596223,-1.74060777,2.0,1.2,Estimated,Estimated using AADF from previous year on this link,116,118,15363,47,2398,150,32,65,9,49,42,345,18272
27848,2000,8,Yorkshire and The Humber,195,Bradford,A629,Major,A6035,A650,406050,442000,53.87418324,-1.90947097,1.1,0.7,Estimated,Estimated using AADF from previous year on this link,10,243,24977,136,3685,865,131,155,124,287,97,1659,30700
27848,2001,8,Yorkshire and The Humber,195,Bradford,A629,Major,A6035,A650,406050,442000,53.87418324,-1.90947097,1.1,0.7,Counted,Manual count,9,185,23426,98,3602,935,133,281,159,231,142,1881,29192
27848,2002,8,Yorkshire and The Humber,195,Bradford,A629,Major,A6035,A650,406050,442000,53.87418324,-1.90947097,1.1,0.7,Estimated,Estimated using AADF from previous year on this link,9,187,23379,100,3610,901,139,293,145,200,156,1834,29110
27848,2003,8,Yorkshire and The Humber,195,Bradford,A629,Major,A6035,A650,406050,442000,53.87418324,-1.90947097,1.1,0.7,Estimated,Estimated using AADF from previous year on this link,8,210,23051,89,3935,967,158,343,138,178,172,1956,29241
27848,2004,8,Yorkshire and The Humber,195,Bradford,A629,Major,A6035,A650,406050,442000,53.87418324,-1.90947097,1.1,0.7,Counted,Manual count,62,105,18542,226,2014,450,81,63,45,56,46,741,21628
27848,2005,8,Yorkshire and The Humber,195,Bradford,A629,Major,A6035,A650,406050,442000,53.87418324,-1.90947097,1.1,0.7,Estimated,Estimated using AADF from previous year on this link,53,107,18078,222,2066,433,76,63,39,49,48,708,21181
27848,2006,8,Yorkshire and The Humber,195,Bradford,A629,Major,A6035,A650,406050,442000,53.87418324,-1.90947097,1.1,0.7,Estimated,Estimated using AADF from previous year on this link,82,111,18132,219,2099,442,76,68,36,43,52,717,21278
27848,2007,8,Yorkshire and The Humber,195,Bradford,A629,Major,A6035,A650,406050,442000,53.87418324,-1.90947097,1.1,0.7,Estimated,Estimated using AADF from previous year on this link,51,112,17281,211,2291,437,74,74,31,40,53,709,20604
27848,2008,8,Yorkshire and The Humber,195,Bradford,A629,Major,A6035,A650,406050,442000,53.87418324,-1.90947097,1.1,0.7,Counted,Manual count,88,160,18137,266,2293,248,60,35,52,85,40,520,21376
27848,2009,8,Yorkshire and The Humber,195,Bradford,A629,Major,A6035,A650,406050,442000,53.87418324,-1.90947097,1.1,0.7,Estimated,Estimated using AADF from previous year on this link,88,151,17847,260,2484,239,63,35,49,75,40,501,21243
27848,2010,8,Yorkshire and The Humber,195,Bradford,A629,Major,A6035,A650,406050,442000,53.87418324,-1.90947097,1.1,0.7,Estimated,Estimated using AADF from previous year on this link,88,139,17473,273,2496,237,60,29,52,66,37,481,20862
27848,2011,8,Yorkshire and The Humber,195,Bradford,A629,Major,A6035,A650,406050,442000,53.87418324,-1.90947097,1.1,0.7,Estimated,Estimated using AADF from previous year on this link,98,147,17385,273,2573,236,64,33,40,65,39,477,20855
27848,2012,8,Yorkshire and The Humber,195,Bradford,A629,Major,A6035,A650,406050,442000,53.87418324,-1.90947097,1.1,0.7,Counted,Manual count,29,125,17054,262,2211,229,47,32,21,56,41,425,20077
27848,2013,8,Yorkshire and The Humber,195,Bradford,A629,Major,A6035,A650,406050,442000,53.87418324,-1.90947097,1.1,0.7,Estimated,Estimated using AADF from previous year on this link,29,125,16958,246,2236,228,50,36,15,52,41,423,19988
27848,2014,8,Yorkshire and The Humber,195,Bradford,A629,Major,A6035,A650,406050,442000,53.87418324,-1.90947097,1.1,0.7,Estimated,Estimated using AADF from previous year on this link,28,120,17418,237,2391,234,56,39,13,43,38,423,20589
27848,2015,8,Yorkshire and The Humber,195,Bradford,A629,Major,A6035,A650,406050,442000,53.87418324,-1.90947097,1.1,0.7,Estimated,Estimated using AADF from previous year on this link,26,122,17098,235,2515,227,58,38,16,42,38,420,20391
27848,2016,8,Yorkshire and The Humber,195,Bradford,A629,Major,A6035,A650,406050,442000,53.87418324,-1.90947097,1.1,0.7,Estimated,Estimated using AADF from previous year on this link,24,119,17365,218,2748,231,58,43,17,37,37,423,20873
27848,2017,8,Yorkshire and The Humber,195,Bradford,A629,Major,A6035,A650,406050,442000,53.87418324,-1.90947097,1.1,0.7,Estimated,Estimated using AADF from previous year on this link,23,121,17237,203,2892,229,59,44,18,37,39,426,20879
27848,2018,8,Yorkshire and The Humber,195,Bradford,A629,Major,A6035,A650,406050,442000,53.87418324,-1.90947097,1.1,0.7,Counted,Manual count,90,102,17365,267,2137,202,50,133,31,71,64,552,20423
27848,2019,8,Yorkshire and The Humber,195,Bradford,A629,Major,A6035,A650,406050,442000,53.87418324,-1.90947097,1.1,0.7,Estimated,Estimated using AADF from previous year on this link,99,96,17583,270,2118,200,51,134,32,73,64,554,20621
27848,2020,8,Yorkshire and The Humber,195,Bradford,A629,Major,A6035,A650,406050,442000,53.87418324,-1.90947097,1.1,0.7,Estimated,Estimated using AADF from previous year on this link,113,71,13356,170,1869,176,44,120,28,65,56,488,15954
27848,2021,8,Yorkshire and The Humber,195,Bradford,A629,Major,A6035,A650,406050,442000,53.87418324,-1.90947097,1.1,0.7,Estimated,Estimated using AADF from previous year on this link,92,75,14714,176,2038,188,47,131,30,69,60,525,17528
27848,2022,8,Yorkshire and The Humber,195,Bradford,A629,Major,A6035,A650,406050,442000,53.87418324,-1.90947097,1.1,0.7,Estimated,Estimated using AADF from previous year on this link,82,82,15716,189,2209,195,49,139,31,71,61,545,18742
27848,2023,8,Yorkshire and The Humber,195,Bradford,A629,Major,A6035,A650,406050,442000,53.87418324,-1.90947097,1.1,0.7,Counted,Manual count,80,148,19128,199,2456,187,41,130,28,35,80,502,22432
27848,2024,8,Yorkshire and The Humber,195,Bradford,A629,Major,A6035,A650,406050,442000,53.87418324,-1.90947097,1.1,0.7,Estimated,Estimated using AADF from previous year on this link,81,153,19418,199,2499,190,41,127,28,34,78,497,22767
27848,2025,8,Yorkshire and The Humber,195,Bradford,A629,Major,A6035,A650,406050,442000,53.87418324,-1.90947097,1.1,0.7,Estimated,Estimated using AADF from previous year on this link,81,156,19441,195,2551,188,41,130,28,33,76,497,22839
27881,2000,8,Yorkshire and The Humber,195,Bradford,A6177,Major,A647,A650,415000,434300,53.80479791,-1.77372138,3.2,2.0,Estimated,Estimated using AADF from previous year on this link,34,69,13910,90,1535,381,38,25,16,34,18,512,16116
27881,2001,8,Yorkshire and The Humber,195,Bradford,A6177,Major,A647,A650,415000,434300,53.80479791,-1.77372138,3.2,2.0,Counted,Manual count,59,62,14824,107,1650,183,20,18,15,29,14,279,16922
27881,2002,8,Yorkshire and The Humber,195,Bradford,A6177,Major,A647,A650,415000,434300,53.80479791,-1.77372138,3.2,2.0,Estimated,Estimated using AADF from previous year on this link,61,64,15061,107,1769,173,20,18,13,26,16,266,17267
27881,2003,8,Yorkshire and The Humber,195,Bradford,A6177,Major,A647,A650,415000,434300,53.80479791,-1.77372138,3.2,2.0,Counted,Manual count,72,67,13284,79,1315,222,37,37,24,32,17,369,15114
27881,2004,8,Yorkshire and The Humber,195,Bradford,A6177,Major,A647,A650,415000,434300,53.80479791,-1.77372138,3.2,2.0,Estimated,Estimated using AADF from previous year on this link,58,45,13456,65,1448,271,48,49,24,30,20,442,15456
27881,2005,8,Yorkshire and The Humber,195,Bradford,A6177,Major,A647,A650,415000,434300,53.80479791,-1.77372138,3.2,2.0,Estimated,Estimated using AADF from previous year on this link,49,36,12837,61,1544,293,51,55,19,24,20,462,14940
27881,2006,8,Yorkshire and The Humber,195,Bradford,A6177,Major,A647,A650,415000,434300,53.80479791,-1.77372138,3.2,2.0,Estimated,Estimated using AADF from previous year on this link,78,32,12594,57,1566,283,48,57,16,18,19,441,14690
27881,2007,8,Yorkshire and The Humber,195,Bradford,A6177,Major,A647,A650,415000,434300,53.80479791,-1.77372138,3.2,2.0,Counted,Manual count,37,54,13859,73,1639,172,40,37,24,44,18,335,15960
27881,2008,8,Yorkshire and The Humber,195,Bradford,A6177,Major,A647,A650,415000,434300,53.80479791,-1.77372138,3.2,2.0,Estimated,Estimated using AADF from previous year on this link,41,52,13554,63,1673,172,45,40,20,38,18,333,15675
27881,2009,8,Yorkshire and The Humber,195,Bradford,A6177,Major,A647,A650,415000,434300,53.80479791,-1.77372138,3.2,2.0,Estimated,Estimated using AADF from previous year on this link,41,58,13852,63,1698,156,45,38,18,33,18,308,15979
27881,2010,8,Yorkshire and The Humber,195,Bradford,A6177,Major,A647,A650,415000,434300,53.80479791,-1.77372138,3.2,2.0,Estimated,Estimated using AADF from previous year on this link,41,56,13769,71,1814,166,45,33,22,31,18,315,16025
27881,2011,8,Yorkshire and The Humber,195,Bradford,A6177,Major,A647,A650,415000,434300,53.80479791,-1.77372138,3.2,2.0,Estimated,Estimated using AADF from previous year on this link,45,47,13728,67,2025,168,49,38,18,32,20,325,16192
27881,2012,8,Yorkshire and The Humber,195,Bradford,A6177,Major,A647,A650,415000,434300,53.80479791,-1.77372138,3.2,2.0,Estimated,Estimated using AADF from previous year on this link,43,45,13514,73,2049,170,53,43,13,28,19,327,16007
27881,2013,8,Yorkshire and The Humber,195,Bradford,A6177,Major,A647,A650,415000,434300,53.80479791,-1.77372138,3.2,2.0,Estimated,Estimated using AADF from previous year on this link,42,50,13395,76,2130,171,58,49,9,27,19,334,15985
27881,2014,8,Yorkshire and The Humber,195,Bradford,A6177,Major,A647,A650,415000,434300,53.80479791,-1.77372138,3.2,2.0,Estimated,Estimated using AADF from previous year on this link,41,48,13758,73,2277,175,64,54,8,22,18,342,16499
27881,2015,8,Yorkshire and The Humber,195,Bradford,A6177,Major,A647,A650,415000,434300,53.80479791,-1.77372138,3.2,2.0,Estimated,Estimated using AADF from previous year on this link,38,42,14030,79,2388,166,66,51,10,21,18,332,16872
27881,2016,8,Yorkshire and The Humber,195,Bradford,A6177,Major,A647,A650,415000,434300,53.80479791,-1.77372138,3.2,2.0,Counted,Manual count,54,28,12038,17,1375,142,36,10,16,35,28,267,13725
27881,2017,8,Yorkshire and The Humber,195,Bradford,A6177,Major,A647,A650,415000,434300,53.80479791,-1.77372138,3.2,2.0,Estimated,Estimated using AADF from previous year on this link,52,28,11949,16,1447,141,36,11,17,35,29,269,13709
27881,2018,8,Yorkshire and The Humber,195,Bradford,A6177,Major,A647,A650,415000,434300,53.80479791,-1.77372138,3.2,2.0,Estimated,Estimated using AADF from previous year on this link,57,28,11817,14,1474,142,36,10,17,36,31,272,13606
27881,2019,8,Yorkshire and The Humber,195,Bradford,A6177,Major,A647,A650,415000,434300,53.80479791,-1.77372138,3.2,2.0,Estimated,Estimated using AADF from previous year on this link,63,26,11966,14,1461,140,37,10,18,37,31,273,13741
27881,2020,8,Yorkshire and The Humber,195,Bradford,A6177,Major,A647,A650,415000,434300,53.80479791,-1.77372138,3.2,2.0,Estimated,Estimated using AADF from previous year on this link,71,19,9089,9,1290,123,32,9,15,33,27,239,10646
27881,2021,8,Yorkshire and The Humber,195,Bradford,A6177,Major,A647,A650,415000,434300,53.80479791,-1.77372138,3.2,2.0,Estimated,Estimated using AADF from previous year on this link,58,20,10013,9,1406,132,34,10,16,35,29,256,11706
27881,2022,8,Yorkshire and The Humber,195,Bradford,A6177,Major,A647,A650,415000,434300,53.80479791,-1.77372138,3.2,2.0,Estimated,Estimated using AADF from previous year on this link,52,22,10695,10,1524,136,35,11,17,36,29,265,12517
27881,2023,8,Yorkshire and The Humber,195,Bradford,A6177,Major,A647,A650,415000,434300,53.80479791,-1.77372138,3.2,2.0,Estimated,Estimated using AADF from previous year on this link,51,22,10896,10,1550,135,35,11,17,35,28,260,12739
27881,2024,8,Yorkshire and The Humber,195,Bradford,A6177,Major,A647,A650,415000,434300,53.80479791,-1.77372138,3.2,2.0,Counted,Manual count,43,24,13147,6,1200,89,21,27,7,23,11,178,14555
27881,2025,8,Yorkshire and The Humber,195,Bradford,A6177,Major,A647,A650,415000,434300,53.80479791,-1.77372138,3.2,2.0,Estimated,Estimated using AADF from previous year on this link,43,24,13163,6,1224,89,21,28,7,22,11,178,14595
28553,2000,8,Yorkshire and The Humber,195,Bradford,A6035,Major,A629,A6035 Cavendish St,406000,440670,53.8622299,-1.91025696,0.9,0.6,Estimated,Estimated using AADF from previous year on this link,19,143,13060,119,1742,364,34,32,53,60,26,569,15633
28553,2001,8,Yorkshire and The Humber,195,Bradford,A6035,Major,A629,A6035 Cavendish St,406000,440670,53.8622299,-1.91025696,0.9,0.6,Estimated,Estimated using AADF from previous year on this link,18,150,12656,124,1754,348,38,31,43,48,27,535,15219
28553,2002,8,Yorkshire and The Humber,195,Bradford,A6035,Major,A629,A6035 Cavendish St,406000,440670,53.8622299,-1.91025696,0.9,0.6,Counted,Manual count,18,73,14211,99,1588,302,36,29,28,46,35,476,16447
28553,2003,8,Yorkshire and The Humber,195,Bradford,A6035,Major,A629,A6035 Cavendish St,406000,440670,53.8622299,-1.91025696,0.9,0.6,Estimated,Estimated using AADF from previous year on this link,16,104,13685,96,1724,292,37,30,27,41,39,466,16075
28553,2004,8,Yorkshire and The Humber,195,Bradford,A6035,Major,A629,A6035 Cavendish St,406000,440670,53.8622299,-1.91025696,0.9,0.6,Estimated,Estimated using AADF from previous year on this link,14,68,13863,79,1898,356,48,41,28,39,45,557,16465
28553,2005,8,Yorkshire and The Humber,195,Bradford,A6035,Major,A629,A6035 Cavendish St,406000,440670,53.8622299,-1.91025696,0.9,0.6,Estimated,Estimated using AADF from previous year on this link,12,56,13225,75,2024,386,50,47,23,31,45,582,15962
28553,2006,8,Yorkshire and The Humber,195,Bradford,A6035,Major,A629,A6035 Cavendish St,406000,440670,53.8622299,-1.91025696,0.9,0.6,Estimated,Estimated using AADF from previous year on this link,18,49,12974,69,2055,372,47,47,18,24,42,550,15697
28553,2007,8,Yorkshire and The Humber,195,Bradford,A6035,Major,A629,A6035 Cavendish St,406000,440670,53.8622299,-1.91025696,0.9,0.6,Estimated,Estimated using AADF from previous year on this link,10,47,12766,62,2164,346,44,48,15,22,40,515,15554
28553,2008,8,Yorkshire and The Humber,195,Bradford,A6035,Major,A629,A6035 Cavendish St,406000,440670,53.8622299,-1.91025696,0.9,0.6,Estimated,Estimated using AADF from previous year on this link,12,45,12485,55,2208,345,49,52,12,19,39,516,15309
28553,2009,8,Yorkshire and The Humber,195,Bradford,A6035,Major,A629,A6035 Cavendish St,406000,440670,53.8622299,-1.91025696,0.9,0.6,Estimated,Estimated using AADF from previous year on this link,12,50,12759,55,2241,314,49,50,11,17,38,479,15584
28553,2010,8,Yorkshire and The Humber,195,Bradford,A6035,Major,A629,A6035 Cavendish St,406000,440670,53.8622299,-1.91025696,0.9,0.6,Estimated,Estimated using AADF from previous year on this link,12,48,12682,62,2393,334,49,44,13,17,38,495,15680
28553,2011,8,Yorkshire and The Humber,195,Bradford,A6035,Major,A629,A6035 Cavendish St,406000,440670,53.8622299,-1.91025696,0.9,0.6,Counted,Manual count,24,77,13216,97,1967,188,29,34,18,28,14,311,15668
28553,2012,8,Yorkshire and The Humber,195,Bradford,A6035,Major,A629,A6035 Cavendish St,406000,440670,53.8622299,-1.91025696,0.9,0.6,Estimated,Estimated using AADF from previous year on this link,23,74,13010,105,1990,190,32,39,13,25,13,311,15490
28553,2013,8,Yorkshire and The Humber,195,Bradford,A6035,Major,A629,A6035 Cavendish St,406000,440670,53.8622299,-1.91025696,0.9,0.6,Estimated,Estimated using AADF from previous year on this link,22,82,12895,110,2069,192,34,44,9,24,14,317,15473
28553,2014,8,Yorkshire and The Humber,195,Bradford,A6035,Major,A629,A6035 Cavendish St,406000,440670,53.8622299,-1.91025696,0.9,0.6,Estimated,Estimated using AADF from previous year on this link,22,79,13245,106,2212,196,38,48,8,19,13,323,15965
28553,2015,8,Yorkshire and The Humber,195,Bradford,A6035,Major,A629,A6035 Cavendish St,406000,440670,53.8622299,-1.91025696,0.9,0.6,Estimated,Estimated using AADF from previous year on this link,20,69,13507,114,2320,186,39,46,10,19,12,312,16322
28553,2016,8,Yorkshire and The Humber,195,Bradford,A6035,Major,A629,A6035 Cavendish St,406000,440670,53.8622299,-1.91025696,0.9,0.6,Estimated,Estimated using AADF from previous year on this link,19,68,13718,106,2534,189,39,52,10,16,12,318,16743
28553,2017,8,Yorkshire and The Humber,195,Bradford,A6035,Major,A629,A6035 Cavendish St,406000,440670,53.8622299,-1.91025696,0.9,0.6,Estimated,Estimated using AADF from previous year on this link,18,68,13617,99,2667,187,39,53,11,16,13,319,16771
28553,2018,8,Yorkshire and The Humber,195,Bradford,A6035,Major,A629,A6035 Cavendish St,406000,440670,53.8622299,-1.91025696,0.9,0.6,Estimated,Estimated using AADF from previous year on this link,20,68,13467,90,2717,189,39,51,11,17,13,321,16662
28553,2019,8,Yorkshire and The Humber,195,Bradford,A6035,Major,A629,A6035 Cavendish St,406000,440670,53.8622299,-1.91025696,0.9,0.6,Counted,Manual count,17,61,13841,105,1875,171,33,45,12,43,10,315,16197
28553,2020,8,Yorkshire and The Humber,195,Bradford,A6035,Major,A629,A6035 Cavendish St,406000,440670,53.8622299,-1.91025696,0.9,0.6,Estimated,Estimated using AADF from previous year on this link,19,45,10514,66,1655,150,29,40,11,38,9,277,12556
28553,2021,8,Yorkshire and The Humber,195,Bradford,A6035,Major,A629,A6035 Cavendish St,406000,440670,53.8622299,-1.91025696,0.9,0.6,Estimated,Estimated using AADF from previous year on this link,16,48,11583,68,1804,161,31,44,11,41,10,297,13800
28553,2022,8,Yorkshire and The Humber,195,Bradford,A6035,Major,A629,A6035 Cavendish St,406000,440670,53.8622299,-1.91025696,0.9,0.6,Estimated,Estimated using AADF from previous year on this link,14,52,12372,73,1956,166,32,46,12,42,10,308,14761
28553,2023,8,Yorkshire and The Humber,195,Bradford,A6035,Major,A629,A6035 Cavendish St,406000,440670,53.8622299,-1.91025696,0.9,0.6,Estimated,Estimated using AADF from previous year on this link,14,51,12604,74,1989,164,31,46,12,41,9,304,15022
28553,2024,8,Yorkshire and The Humber,195,Bradford,A6035,Major,A629,A6035 Cavendish St,406000,440670,53.8622299,-1.91025696,0.9,0.6,Estimated,Estimated using AADF from previous year on this link,14,53,12795,74,2024,167,31,45,12,40,9,303,15250
28553,2025,8,Yorkshire and The Humber,195,Bradford,A6035,Major,A629,A6035 Cavendish St,406000,440670,53.8622299,-1.91025696,0.9,0.6,Estimated,Estimated using AADF from previous year on this link,14,54,12811,73,2066,165,32,46,12,39,9,302,15305
28709,2000,8,Yorkshire and The Humber,195,Bradford,A658,Major,A6037/A6181,A650,416785,433306,53.79581,-1.74667168,0.5,0.3,Estimated,Estimated using AADF from previous year on this link,30,59,10119,430,714,151,13,1,5,2,3,175,11497
28709,2001,8,Yorkshire and The Humber,195,Bradford,A658,Major,A6037/A6181,A650,416785,433306,53.79581,-1.74667168,0.5,0.3,Estimated,Estimated using AADF from previous year on this link,28,62,9806,450,719,144,14,1,4,2,3,168,11205
28709,2002,8,Yorkshire and The Humber,195,Bradford,A658,Major,A6037/A6181,A650,416785,433306,53.79581,-1.74667168,0.5,0.3,Estimated,Estimated using AADF from previous year on this link,30,64,9963,454,771,136,14,1,4,2,3,160,11412
28709,2003,8,Yorkshire and The Humber,195,Bradford,A658,Major,A6037/A6181,A650,416785,433306,53.79581,-1.74667168,0.5,0.3,Counted,Manual count,20,38,11054,460,703,87,7,5,2,3,2,106,12361
28709,2004,8,Yorkshire and The Humber,195,Bradford,A658,Major,A6037/A6181,A650,416785,433306,53.79581,-1.74667168,0.5,0.3,Estimated,Estimated using AADF from previous year on this link,16,24,11197,377,774,106,9,6,2,3,2,128,12500
28710,2000,8,Yorkshire and The Humber,195,Bradford,A650,Major,A647,A647,416909,432856,53.79176149,-1.74481371,0.3,0.2,Estimated,Estimated using AADF from previous year on this link,44,257,38391,170,5625,1310,122,115,149,205,143,2044,46487
28710,2001,8,Yorkshire and The Humber,195,Bradford,A650,Major,A647,A647,416909,432856,53.79176149,-1.74481371,0.3,0.2,Estimated,Estimated using AADF from previous year on this link,42,266,39159,173,5603,1284,140,115,130,176,160,2005,47206
28710,2002,8,Yorkshire and The Humber,195,Bradford,A650,Major,A647,A647,416909,432856,53.79176149,-1.74481371,0.3,0.2,Estimated,Estimated using AADF from previous year on this link,44,269,39081,176,5614,1237,146,120,118,153,175,1949,47089
28710,2003,8,Yorkshire and The Humber,195,Bradford,A650,Major,A647,A647,416909,432856,53.79176149,-1.74481371,0.3,0.2,Estimated,Estimated using AADF from previous year on this link,39,302,38534,157,6119,1328,166,141,113,136,193,2077,47189
28710,2004,8,Yorkshire and The Humber,195,Bradford,A650,Major,A647,A647,416909,432856,53.79176149,-1.74481371,0.3,0.2,Estimated,Estimated using AADF from previous year on this link,32,266,38611,146,6064,1333,175,154,107,120,211,2100,47187
28710,2005,8,Yorkshire and The Humber,195,Bradford,A650,Major,A647,A647,416909,432856,53.79176149,-1.74481371,0.3,0.2,Estimated,Estimated using AADF from previous year on this link,27,269,37646,144,6221,1281,164,156,94,104,221,2020,46300
28710,2006,8,Yorkshire and The Humber,195,Bradford,A650,Major,A647,A647,416909,432856,53.79176149,-1.74481371,0.3,0.2,Estimated,Estimated using AADF from previous year on this link,42,280,37758,142,6321,1310,164,169,85,94,240,2062,46563
28710,2007,8,Yorkshire and The Humber,195,Bradford,A650,Major,A647,A647,416909,432856,53.79176149,-1.74481371,0.3,0.2,Counted,Manual count,13,401,44940,359,7078,1001,167,207,120,356,189,2040,54818
28710,2008,8,Yorkshire and The Humber,195,Bradford,A650,Major,A647,A647,416909,432856,53.79176149,-1.74481371,0.3,0.2,Estimated,Estimated using AADF from previous year on this link,14,374,44087,363,7411,961,181,211,105,313,184,1955,54190
28710,2009,8,Yorkshire and The Humber,195,Bradford,A650,Major,A647,A647,416909,432856,53.79176149,-1.74481371,0.3,0.2,Counted,Manual count,27,411,47983,361,6014,1032,166,180,96,318,230,2022,56791
28710,2010,8,Yorkshire and The Humber,195,Bradford,A650,Major,A647,A647,416909,432856,53.79176149,-1.74481371,0.3,0.2,Counted,Manual count,47,391,48249,321,7574,789,150,150,87,340,202,1718,58253
28710,2011,8,Yorkshire and The Humber,195,Bradford,A650,Major,A647,A647,416909,432856,53.79176149,-1.74481371,0.3,0.2,Counted,Manual count,23,339,46761,257,7263,831,169,158,98,343,271,1870,56490
28710,2012,8,Yorkshire and The Humber,195,Bradford,A650,Major,A647,A647,416909,432856,53.79176149,-1.74481371,0.3,0.2,Counted,Manual count,14,321,45393,172,6927,735,156,213,95,316,198,1713,54526
28710,2013,8,Yorkshire and The Humber,195,Bradford,A650,Major,A647,A647,416909,432856,53.79176149,-1.74481371,0.3,0.2,Counted,Manual count,26,326,43702,208,6558,941,159,126,88,300,233,1846,52641
28710,2014,8,Yorkshire and The Humber,195,Bradford,A650,Major,A647,A647,416909,432856,53.79176149,-1.74481371,0.3,0.2,Counted,Manual count,26,291,43044,240,6008,1355,179,153,104,344,275,2409,51992
28710,2015,8,Yorkshire and The Humber,195,Bradford,A650,Major,A647,A647,416909,432856,53.79176149,-1.74481371,0.3,0.2,Counted,Manual count,25,366,43981,173,6696,686,182,167,86,313,269,1703,52918
28710,2016,8,Yorkshire and The Humber,195,Bradford,A650,Major,A647,A647,416885,432856,53.79176226,-1.74517801,0.3,0.2,Counted,Manual count,19,317,44605,182,7040,898,167,156,92,272,221,1807,53951
28710,2017,8,Yorkshire and The Humber,195,Bradford,A650,Major,A647,A647,416885,432856,53.79176226,-1.74517801,0.3,0.2,Counted,Manual count,15,287,44680,158,6704,777,155,160,93,351,205,1742,53571
28710,2018,8,Yorkshire and The Humber,195,Bradford,A650,Major,A647,A647,416885,432856,53.79176226,-1.74517801,0.3,0.2,Estimated,Estimated using AADF from previous year on this link,17,284,44188,144,6829,784,154,155,95,362,215,1766,53211
28710,2019,8,Yorkshire and The Humber,195,Bradford,A650,Major,A647,A647,416885,432856,53.79176226,-1.74517801,0.3,0.2,Estimated,Estimated using AADF from previous year on this link,18,266,44742,145,6770,775,156,156,97,372,215,1772,53695
28710,2020,8,Yorkshire and The Humber,195,Bradford,A650,Major,A647,A647,416885,432856,53.79176226,-1.74517801,0.3,0.2,Estimated,Estimated using AADF from previous year on this link,21,197,33985,92,5975,681,136,140,84,330,187,1557,41806
28710,2021,8,Yorkshire and The Humber,195,Bradford,A650,Major,A647,A647,416885,432856,53.79176226,-1.74517801,0.3,0.2,Counted,Manual count,11,200,37929,74,6661,974,218,128,58,220,398,1997,46860
28710,2022,8,Yorkshire and The Humber,195,Bradford,A650,Major,A647,A647,416885,432856,53.79176226,-1.74517801,0.3,0.2,Counted,Manual count,33,206,41410,101,6106,1007,138,113,68,174,384,1884,49706
28710,2023,8,Yorkshire and The Humber,195,Bradford,A650,Major,A647,A647,416885,432856,53.79176226,-1.74517801,0.3,0.2,Estimated,Estimated using AADF from previous year on this link,32,203,42188,102,6209,994,136,111,68,170,369,1849,50551
28710,2024,8,Yorkshire and The Humber,195,Bradford,A650,Major,A647,A647,416885,432856,53.79176226,-1.74517801,0.3,0.2,Estimated,Estimated using AADF from previous year on this link,32,209,42827,103,6321,1010,136,109,67,164,357,1843,51303
28710,2025,8,Yorkshire and The Humber,195,Bradford,A650,Major,A647,A647,416885,432856,53.79176226,-1.74517801,0.3,0.2,Estimated,Estimated using AADF from previous year on this link,33,213,42879,101,6450,999,137,112,68,160,350,1826,51469
28793,2000,8,Yorkshire and The Humber,195,Bradford,A650,Major,Aireworth Rd roundabout,B6265,408010,441510,53.86975318,-1.87967321,2.9,1.8,Estimated,Estimated using AADF from previous year on this link,78,268,14740,123,2412,751,112,71,130,168,120,1352,18895
28793,2001,8,Yorkshire and The Humber,195,Bradford,A650,Major,Aireworth Rd roundabout,B6265,408010,441510,53.86975318,-1.87967321,2.9,1.8,Counted,Manual count,13,213,15655,70,2385,749,69,67,141,224,138,1388,19711
28793,2002,8,Yorkshire and The Humber,195,Bradford,A650,Major,Aireworth Rd roundabout,B6265,408010,441510,53.86975318,-1.87967321,2.9,1.8,Estimated,Estimated using AADF from previous year on this link,14,217,16109,72,2404,768,76,75,132,200,156,1407,20209
28793,2003,8,Yorkshire and The Humber,195,Bradford,A650,Major,Aireworth Rd roundabout,B6265,408010,441510,53.86975318,-1.87967321,2.9,1.8,Estimated,Estimated using AADF from previous year on this link,12,235,16463,72,2661,798,83,86,127,179,174,1447,20878
28793,2004,8,Yorkshire and The Humber,195,Bradford,A650,Major,Aireworth Rd roundabout,B6265,408010,441510,53.86975318,-1.87967321,2.9,1.8,Counted,Manual count,15,257,22458,82,3636,853,105,92,150,283,182,1665,28098
37475,2000,8,Yorkshire and The Humber,195,Bradford,A647,Major,LA Boundary,A644,410000,430070,53.76689797,-1.84977684,2.6,1.6,Estimated,Estimated using AADF from previous year on this link,19,158,11154,209,1407,259,24,22,10,13,19,347,13275
37475,2001,8,Yorkshire and The Humber,195,Bradford,A647,Major,LA Boundary,A644,410000,430070,53.76689797,-1.84977684,2.6,1.6,Counted,Manual count,11,99,11812,261,1483,193,50,16,7,13,4,283,13938
37475,2002,8,Yorkshire and The Humber,195,Bradford,A647,Major,LA Boundary,A644,410000,430070,53.76689797,-1.84977684,2.6,1.6,Counted,Manual count,12,128,11262,229,1473,228,26,32,9,15,7,317,13409
37475,2003,8,Yorkshire and The Humber,195,Bradford,A647,Major,LA Boundary,A644,410000,430070,53.76689797,-1.84977684,2.6,1.6,Estimated,Estimated using AADF from previous year on this link,11,182,10845,223,1600,221,26,34,9,13,7,310,13160
37475,2004,8,Yorkshire and The Humber,195,Bradford,A647,Major,LA Boundary,A644,410000,430070,53.76689797,-1.84977684,2.6,1.6,Counted,Manual count,20,193,11066,181,1483,183,14,139,10,12,17,375,13298
37475,2005,8,Yorkshire and The Humber,195,Bradford,A647,Major,LA Boundary,A644,410000,430070,53.76689797,-1.84977684,2.6,1.6,Counted,Manual count,35,119,11744,178,1466,164,45,72,9,11,8,309,13816
37475,2006,8,Yorkshire and The Humber,195,Bradford,A647,Major,LA Boundary,A644,410000,430070,53.76689797,-1.84977684,2.6,1.6,Estimated,Estimated using AADF from previous year on this link,54,104,11521,166,1488,158,43,74,7,9,8,299,13578
37475,2007,8,Yorkshire and The Humber,195,Bradford,A647,Major,LA Boundary,A644,410000,430070,53.76689797,-1.84977684,2.6,1.6,Counted,Manual count,11,36,11788,220,1326,149,13,29,3,25,16,235,13605
37475,2008,8,Yorkshire and The Humber,195,Bradford,A647,Major,LA Boundary,A644,410000,430070,53.76689797,-1.84977684,2.6,1.6,Estimated,Estimated using AADF from previous year on this link,12,34,11529,191,1354,149,15,31,3,23,16,237,13345
37475,2009,8,Yorkshire and The Humber,195,Bradford,A647,Major,LA Boundary,A644,410000,430070,53.76689797,-1.84977684,2.6,1.6,Estimated,Estimated using AADF from previous year on this link,12,38,11783,189,1374,135,15,29,3,20,16,218,13602
37475,2010,8,Yorkshire and The Humber,195,Bradford,A647,Major,LA Boundary,A644,410000,430070,53.76689797,-1.84977684,2.6,1.6,Estimated,Estimated using AADF from previous year on this link,12,36,11713,214,1467,144,15,25,3,19,16,222,13652
37475,2011,8,Yorkshire and The Humber,195,Bradford,A647,Major,LA Boundary,A644,410000,430070,53.76689797,-1.84977684,2.6,1.6,Estimated,Estimated using AADF from previous year on this link,14,31,11678,202,1637,146,17,29,3,19,18,232,13780
37475,2012,8,Yorkshire and The Humber,195,Bradford,A647,Major,LA Boundary,A644,410000,430070,53.76689797,-1.84977684,2.6,1.6,Estimated,Estimated using AADF from previous year on this link,13,30,11496,220,1656,148,19,33,2,17,17,235,13637
37475,2013,8,Yorkshire and The Humber,195,Bradford,A647,Major,LA Boundary,A644,410000,430070,53.76689797,-1.84977684,2.6,1.6,Estimated,Estimated using AADF from previous year on this link,13,33,11394,230,1722,149,20,38,2,16,17,242,13620
37475,2014,8,Yorkshire and The Humber,195,Bradford,A647,Major,LA Boundary,A644,410000,430070,53.76689797,-1.84977684,2.6,1.6,Estimated,Estimated using AADF from previous year on this link,13,32,11703,221,1841,152,22,41,1,13,16,247,14044
37475,2015,8,Yorkshire and The Humber,195,Bradford,A647,Major,LA Boundary,A644,410000,430070,53.76689797,-1.84977684,2.6,1.6,Estimated,Estimated using AADF from previous year on this link,12,28,11935,238,1931,145,23,39,2,13,16,237,14368
37475,2016,8,Yorkshire and The Humber,195,Bradford,A647,Major,LA Boundary,A644,410000,430070,53.76689797,-1.84977684,2.6,1.6,Counted,Manual count,30,56,12849,188,1584,96,40,29,1,16,22,204,14881
37475,2017,8,Yorkshire and The Humber,195,Bradford,A647,Major,LA Boundary,A644,410000,430070,53.76689797,-1.84977684,2.6,1.6,Estimated,Estimated using AADF from previous year on this link,29,57,12755,175,1667,95,40,30,1,16,23,205,14859
37475,2018,8,Yorkshire and The Humber,195,Bradford,A647,Major,LA Boundary,A644,410000,430070,53.76689797,-1.84977684,2.6,1.6,Estimated,Estimated using AADF from previous year on this link,32,56,12614,159,1699,96,40,29,1,17,24,207,14734
37475,2019,8,Yorkshire and The Humber,195,Bradford,A647,Major,LA Boundary,A644,410000,430070,53.76689797,-1.84977684,2.6,1.6,Estimated,Estimated using AADF from previous year on this link,35,53,12772,161,1684,95,41,29,1,17,24,207,14876
37475,2020,8,Yorkshire and The Humber,195,Bradford,A647,Major,LA Boundary,A644,410000,430070,53.76689797,-1.84977684,2.6,1.6,Estimated,Estimated using AADF from previous year on this link,40,39,9702,101,1486,83,35,26,1,15,21,182,11510
37475,2021,8,Yorkshire and The Humber,195,Bradford,A647,Major,LA Boundary,A644,410000,430070,53.76689797,-1.84977684,2.6,1.6,Estimated,Estimated using AADF from previous year on this link,33,41,10688,105,1620,89,38,28,1,16,22,195,12649
37475,2022,8,Yorkshire and The Humber,195,Bradford,A647,Major,LA Boundary,A644,410000,430070,53.76689797,-1.84977684,2.6,1.6,Estimated,Estimated using AADF from previous year on this link,29,45,11416,113,1756,92,39,30,1,17,23,202,13532
37475,2023,8,Yorkshire and The Humber,195,Bradford,A647,Major,LA Boundary,A644,410000,430070,53.76689797,-1.84977684,2.6,1.6,Estimated,Estimated using AADF from previous year on this link,29,44,11631,114,1786,91,39,30,1,16,22,199,13773
37475,2024,8,Yorkshire and The Humber,195,Bradford,A647,Major,LA Boundary,A644,410000,430070,53.76689797,-1.84977684,2.6,1.6,Counted,Manual count,15,40,11123,117,1524,52,22,37,6,0,24,141,12945
37475,2025,8,Yorkshire and The Humber,195,Bradford,A647,Major,LA Boundary,A644,410000,430070,53.76689797,-1.84977684,2.6,1.6,Estimated,Estimated using AADF from previous year on this link,15,41,11136,115,1556,51,23,38,6,0,23,141,12988
37480,2000,8,Yorkshire and The Humber,195,Bradford,A650,Major,A6038,A6177,415000,435800,53.8182797,-1.77364916,2.6,1.6,Estimated,Estimated using AADF from previous year on this link,130,110,19176,467,1895,591,98,55,94,151,143,1132,22780
37480,2001,8,Yorkshire and The Humber,195,Bradford,A650,Major,A6038,A6177,415000,435800,53.8182797,-1.77364916,2.6,1.6,Counted,Manual count,157,131,18277,576,1897,505,90,52,129,178,130,1084,21965
37480,2002,8,Yorkshire and The Humber,195,Bradford,A650,Major,A6038,A6177,415000,435800,53.8182797,-1.77364916,2.6,1.6,Estimated,Estimated using AADF from previous year on this link,163,133,18240,588,1901,486,94,54,117,155,143,1049,21911
37480,2003,8,Yorkshire and The Humber,195,Bradford,A650,Major,A6038,A6177,415000,435800,53.8182797,-1.77364916,2.6,1.6,Counted,Manual count,195,165,19021,422,1736,303,38,22,44,74,58,539,21883
37480,2004,8,Yorkshire and The Humber,195,Bradford,A650,Major,A6038,A6177,415000,435800,53.8182797,-1.77364916,2.6,1.6,Estimated,Estimated using AADF from previous year on this link,158,146,19059,392,1720,304,40,25,41,66,64,540,21857
37480,2005,8,Yorkshire and The Humber,195,Bradford,A650,Major,A6038,A6177,415000,435800,53.8182797,-1.77364916,2.6,1.6,Counted,Manual count,103,112,19704,483,1953,271,43,22,29,63,29,457,22709
37480,2006,8,Yorkshire and The Humber,195,Bradford,A650,Major,A6038,A6177,415000,435800,53.8182797,-1.77364916,2.6,1.6,Estimated,Estimated using AADF from previous year on this link,161,116,19763,475,1985,277,43,25,26,56,31,458,22797
37480,2007,8,Yorkshire and The Humber,195,Bradford,A650,Major,A6038,A6177,415000,435800,53.8182797,-1.77364916,2.6,1.6,Counted,Manual count,157,83,18796,454,2034,272,29,20,23,56,21,421,21788
37480,2008,8,Yorkshire and The Humber,195,Bradford,A650,Major,A6038,A6177,415000,435800,53.8182797,-1.77364916,2.6,1.6,Estimated,Estimated using AADF from previous year on this link,176,77,18439,458,2129,262,32,20,19,49,20,402,21505
37480,2009,8,Yorkshire and The Humber,195,Bradford,A650,Major,A6038,A6177,415000,435800,53.8182797,-1.77364916,2.6,1.6,Estimated,Estimated using AADF from previous year on this link,176,72,18143,448,2306,253,34,20,18,43,20,388,21357
37480,2010,8,Yorkshire and The Humber,195,Bradford,A650,Major,A6038,A6177,415000,435800,53.8182797,-1.77364916,2.6,1.6,Estimated,Estimated using AADF from previous year on this link,176,67,17762,471,2317,251,32,16,20,37,18,374,20991
37480,2011,8,Yorkshire and The Humber,195,Bradford,A650,Major,A6038,A6177,415000,435800,53.8182797,-1.77364916,2.6,1.6,Counted,Manual count,207,65,20551,375,2220,325,38,38,35,69,44,549,23760
37480,2012,8,Yorkshire and The Humber,195,Bradford,A650,Major,A6038,A6177,415000,435800,53.8182797,-1.77364916,2.6,1.6,Estimated,Estimated using AADF from previous year on this link,196,59,20464,403,2132,287,36,38,25,64,44,495,23552
37480,2013,8,Yorkshire and The Humber,195,Bradford,A650,Major,A6038,A6177,415000,435800,53.8182797,-1.77364916,2.6,1.6,Estimated,Estimated using AADF from previous year on this link,193,59,20348,379,2156,287,39,43,19,60,44,490,23433
37480,2014,8,Yorkshire and The Humber,195,Bradford,A650,Major,A6038,A6177,415000,435800,53.8182797,-1.77364916,2.6,1.6,Estimated,Estimated using AADF from previous year on this link,188,62,20137,403,2455,303,45,48,20,59,49,523,23580
37480,2015,8,Yorkshire and The Humber,195,Bradford,A650,Major,A6038,A6177,415000,435800,53.8182797,-1.77364916,2.6,1.6,Estimated,Estimated using AADF from previous year on this link,174,63,19767,399,2583,294,47,47,24,58,49,519,23331
37480,2016,8,Yorkshire and The Humber,195,Bradford,A650,Major,A6038,A6177,415000,435800,53.8182797,-1.77364916,2.6,1.6,Counted,Manual count,132,46,14680,302,1244,223,23,14,27,59,40,386,16658
37480,2017,8,Yorkshire and The Humber,195,Bradford,A650,Major,A6038,A6177,415000,435800,53.8182797,-1.77364916,2.6,1.6,Estimated,Estimated using AADF from previous year on this link,127,47,14572,282,1310,222,23,14,28,59,42,387,16597
37480,2018,8,Yorkshire and The Humber,195,Bradford,A650,Major,A6038,A6177,415000,435800,53.8182797,-1.77364916,2.6,1.6,Estimated,Estimated using AADF from previous year on this link,140,46,14412,255,1334,224,23,14,28,60,44,393,16441
37480,2019,8,Yorkshire and The Humber,195,Bradford,A650,Major,A6038,A6177,415000,435800,53.8182797,-1.77364916,2.6,1.6,Estimated,Estimated using AADF from previous year on this link,154,43,14593,258,1323,221,23,14,29,62,44,393,16610
37480,2020,8,Yorkshire and The Humber,195,Bradford,A650,Major,A6038,A6177,415000,435800,53.8182797,-1.77364916,2.6,1.6,Estimated,Estimated using AADF from previous year on this link,176,32,11084,163,1167,194,20,13,25,55,38,345,12792
37480,2021,8,Yorkshire and The Humber,195,Bradford,A650,Major,A6038,A6177,415000,435800,53.8182797,-1.77364916,2.6,1.6,Estimated,Estimated using AADF from previous year on this link,143,34,12212,168,1272,208,22,14,27,59,41,369,14056
37480,2022,8,Yorkshire and The Humber,195,Bradford,A650,Major,A6038,A6177,415000,435800,53.8182797,-1.77364916,2.6,1.6,Estimated,Estimated using AADF from previous year on this link,128,37,13043,181,1379,215,22,15,28,60,42,382,15022
37480,2023,8,Yorkshire and The Humber,195,Bradford,A650,Major,A6038,A6177,415000,435800,53.8182797,-1.77364916,2.6,1.6,Estimated,Estimated using AADF from previous year on this link,126,37,13288,183,1403,212,22,14,28,59,40,375,15286
37480,2024,8,Yorkshire and The Humber,195,Bradford,A650,Major,A6038,A6177,415000,435800,53.8182797,-1.77364916,2.6,1.6,Counted,Manual count,139,31,14817,188,1358,100,46,27,14,64,66,317,16710
37480,2025,8,Yorkshire and The Humber,195,Bradford,A650,Major,A6038,A6177,415000,435800,53.8182797,-1.77364916,2.6,1.6,Estimated,Estimated using AADF from previous year on this link,140,31,14835,184,1385,99,46,28,14,63,65,314,16749
37487,2000,8,Yorkshire and The Humber,195,Bradford,A657,Major,A650,A6038,414000,437800,53.83628312,-1.78874676,1.3,0.8,Estimated,Estimated using AADF from previous year on this link,54,212,16923,144,1788,435,25,76,36,55,41,668,19735
37487,2001,8,Yorkshire and The Humber,195,Bradford,A657,Major,A650,A6038,414000,437800,53.83628312,-1.78874676,1.3,0.8,Estimated,Estimated using AADF from previous year on this link,52,222,16398,151,1800,415,28,74,29,43,43,632,19203
37487,2002,8,Yorkshire and The Humber,195,Bradford,A657,Major,A650,A6038,414000,437800,53.83628312,-1.78874676,1.3,0.8,Estimated,Estimated using AADF from previous year on this link,54,230,16661,153,1929,392,28,76,27,38,48,609,19582
37487,2003,8,Yorkshire and The Humber,195,Bradford,A657,Major,A650,A6038,414000,437800,53.83628312,-1.78874676,1.3,0.8,Counted,Manual count,75,156,16294,121,2049,337,52,62,36,52,26,565,19185
37487,2004,8,Yorkshire and The Humber,195,Bradford,A657,Major,A650,A6038,414000,437800,53.83628312,-1.78874676,1.3,0.8,Estimated,Estimated using AADF from previous year on this link,61,104,16506,99,2256,411,67,83,36,50,30,677,19642
37487,2005,8,Yorkshire and The Humber,195,Bradford,A657,Major,A650,A6038,414000,437800,53.83628312,-1.78874676,1.3,0.8,Estimated,Estimated using AADF from previous year on this link,51,84,15747,94,2404,445,71,95,30,40,30,711,19040
37487,2006,8,Yorkshire and The Humber,195,Bradford,A657,Major,A650,A6038,414000,437800,53.83628312,-1.78874676,1.3,0.8,Estimated,Estimated using AADF from previous year on this link,81,74,15448,86,2440,429,66,97,24,31,28,675,18723
37487,2007,8,Yorkshire and The Humber,195,Bradford,A657,Major,A650,A6038,414000,437800,53.83628312,-1.78874676,1.3,0.8,Counted,Manual count,64,125,16194,69,2489,392,62,55,16,52,25,602,19479
37487,2008,8,Yorkshire and The Humber,195,Bradford,A657,Major,A650,A6038,414000,437800,53.83628312,-1.78874676,1.3,0.8,Estimated,Estimated using AADF from previous year on this link,73,120,15838,60,2542,392,70,59,14,46,24,605,19165
37487,2009,8,Yorkshire and The Humber,195,Bradford,A657,Major,A650,A6038,414000,437800,53.83628312,-1.78874676,1.3,0.8,Estimated,Estimated using AADF from previous year on this link,73,134,16186,60,2580,357,70,56,13,40,24,560,19520
37487,2010,8,Yorkshire and The Humber,195,Bradford,A657,Major,A650,A6038,414000,437800,53.83628312,-1.78874676,1.3,0.8,Estimated,Estimated using AADF from previous year on this link,73,128,16089,68,2756,380,70,49,15,38,24,576,19617
37487,2011,8,Yorkshire and The Humber,195,Bradford,A657,Major,A650,A6038,414000,437800,53.83628312,-1.78874676,1.3,0.8,Counted,Manual count,44,113,16432,95,2598,341,44,43,20,39,29,516,19754
37487,2012,8,Yorkshire and The Humber,195,Bradford,A657,Major,A650,A6038,414000,437800,53.83628312,-1.78874676,1.3,0.8,Estimated,Estimated using AADF from previous year on this link,42,108,16176,103,2629,345,48,49,14,35,28,518,19534
37487,2013,8,Yorkshire and The Humber,195,Bradford,A657,Major,A650,A6038,414000,437800,53.83628312,-1.78874676,1.3,0.8,Estimated,Estimated using AADF from previous year on this link,41,120,16033,108,2732,348,52,56,10,33,28,527,19520
37487,2014,8,Yorkshire and The Humber,195,Bradford,A657,Major,A650,A6038,414000,437800,53.83628312,-1.78874676,1.3,0.8,Estimated,Estimated using AADF from previous year on this link,40,115,16468,104,2922,356,58,61,9,27,27,537,20146
37487,2015,8,Yorkshire and The Humber,195,Bradford,A657,Major,A650,A6038,414000,437800,53.83628312,-1.78874676,1.3,0.8,Estimated,Estimated using AADF from previous year on this link,37,117,16166,103,3073,346,61,59,11,27,26,530,19989
37487,2016,8,Yorkshire and The Humber,195,Bradford,A657,Major,A650,A6038,414006,437790,53.83619308,-1.78865604,1.3,0.8,Counted,Manual count,51,82,15110,82,2394,299,38,25,47,56,37,501,18170
37487,2017,8,Yorkshire and The Humber,195,Bradford,A657,Major,A650,A6038,414006,437790,53.83619308,-1.78865604,1.3,0.8,Estimated,Estimated using AADF from previous year on this link,49,83,14999,77,2520,297,39,25,48,56,38,503,18182
37487,2018,8,Yorkshire and The Humber,195,Bradford,A657,Major,A650,A6038,414006,437790,53.83619308,-1.78865604,1.3,0.8,Estimated,Estimated using AADF from previous year on this link,54,82,14834,70,2567,299,39,24,49,58,40,510,18062
37487,2019,8,Yorkshire and The Humber,195,Bradford,A657,Major,A650,A6038,414006,437790,53.83619308,-1.78865604,1.3,0.8,Estimated,Estimated using AADF from previous year on this link,59,77,15020,70,2545,296,39,25,50,60,40,509,18221
37487,2020,8,Yorkshire and The Humber,195,Bradford,A657,Major,A650,A6038,414006,437790,53.83619308,-1.78865604,1.3,0.8,Counted,Manual count,193,178,13141,66,2392,321,25,27,13,10,72,468,16245
37487,2021,8,Yorkshire and The Humber,195,Bradford,A657,Major,A650,A6038,414006,437790,53.83619308,-1.78865604,1.3,0.8,Estimated,Estimated using AADF from previous year on this link,158,188,14478,68,2607,343,27,29,14,11,77,502,17843
37487,2022,8,Yorkshire and The Humber,195,Bradford,A657,Major,A650,A6038,414006,437790,53.83619308,-1.78865604,1.3,0.8,Estimated,Estimated using AADF from previous year on this link,141,206,15464,73,2827,355,28,31,15,11,79,519,19088
37487,2023,8,Yorkshire and The Humber,195,Bradford,A657,Major,A650,A6038,414006,437790,53.83619308,-1.78865604,1.3,0.8,Estimated,Estimated using AADF from previous year on this link,139,203,15754,74,2874,351,27,31,15,11,76,511,19416
37487,2024,8,Yorkshire and The Humber,195,Bradford,A657,Major,A650,A6038,414006,437790,53.83619308,-1.78865604,1.3,0.8,Estimated,Estimated using AADF from previous year on this link,140,209,15993,74,2926,356,27,30,15,10,73,512,19714
37487,2025,8,Yorkshire and The Humber,195,Bradford,A657,Major,A650,A6038,414006,437790,53.83619308,-1.78865604,1.3,0.8,Estimated,Estimated using AADF from previous year on this link,141,213,16012,72,2986,353,28,31,15,10,72,508,19792
37843,2000,8,Yorkshire and The Humber,195,Bradford,A6034,Major,A629,A65,405000,448700,53.93441232,-1.92533418,5.8,3.6,Counted,Manual count,19,76,8131,58,1119,119,31,15,14,15,6,200,9584
37843,2001,8,Yorkshire and The Humber,195,Bradford,A6034,Major,A629,A65,405000,448700,53.93441232,-1.92533418,5.8,3.6,Estimated,Estimated using AADF from previous year on this link,17,84,8155,56,1157,117,36,15,12,13,7,200,9652
37843,2002,8,Yorkshire and The Humber,195,Bradford,A6034,Major,A629,A65,405000,448700,53.93441232,-1.92533418,5.8,3.6,Estimated,Estimated using AADF from previous year on this link,18,83,8253,60,1249,121,40,17,12,12,8,210,9855
37843,2003,8,Yorkshire and The Humber,195,Bradford,A6034,Major,A629,A65,405000,448700,53.93441232,-1.92533418,5.8,3.6,Counted,Manual count,8,31,8718,95,1155,190,23,12,17,12,4,258,10257
37843,2004,8,Yorkshire and The Humber,195,Bradford,A6034,Major,A629,A65,405000,448700,53.93441232,-1.92533418,5.8,3.6,Estimated,Estimated using AADF from previous year on this link,8,32,8727,81,1165,197,25,14,16,10,4,266,10271
37843,2005,8,Yorkshire and The Humber,195,Bradford,A6034,Major,A629,A65,405000,448700,53.93441232,-1.92533418,5.8,3.6,Counted,Manual count,21,71,8162,99,1242,166,29,18,12,11,6,242,9816
37843,2006,8,Yorkshire and The Humber,195,Bradford,A6034,Major,A629,A65,405000,448700,53.93441232,-1.92533418,5.8,3.6,Estimated,Estimated using AADF from previous year on this link,21,60,8391,93,1303,169,28,20,10,11,7,245,10092
37843,2007,8,Yorkshire and The Humber,195,Bradford,A6034,Major,A629,A65,405000,448700,53.93441232,-1.92533418,5.8,3.6,Counted,Manual count,13,49,8042,120,1240,145,39,21,8,11,13,237,9688
37843,2008,8,Yorkshire and The Humber,195,Bradford,A6034,Major,A629,A65,405000,448700,53.93441232,-1.92533418,5.8,3.6,Estimated,Estimated using AADF from previous year on this link,13,48,7744,132,1240,137,41,21,8,10,13,230,9394
37843,2009,8,Yorkshire and The Humber,195,Bradford,A6034,Major,A629,A65,405000,448700,53.93441232,-1.92533418,5.8,3.6,Estimated,Estimated using AADF from previous year on this link,15,50,7651,132,1264,124,41,20,7,8,11,211,9308
37843,2010,8,Yorkshire and The Humber,195,Bradford,A6034,Major,A629,A65,405000,448700,53.93441232,-1.92533418,5.8,3.6,Estimated,Estimated using AADF from previous year on this link,15,44,7505,136,1300,130,41,17,8,8,11,215,9200
37843,2011,8,Yorkshire and The Humber,195,Bradford,A6034,Major,A629,A65,405000,448700,53.93441232,-1.92533418,5.8,3.6,Estimated,Estimated using AADF from previous year on this link,13,48,7527,142,1375,132,45,20,6,8,11,222,9314
37843,2012,8,Yorkshire and The Humber,195,Bradford,A6034,Major,A629,A65,405000,448700,53.93441232,-1.92533418,5.8,3.6,Estimated,Estimated using AADF from previous year on this link,12,44,7316,140,1443,134,49,23,4,7,11,228,9171
37843,2013,8,Yorkshire and The Humber,195,Bradford,A6034,Major,A629,A65,405000,448700,53.93441232,-1.92533418,5.8,3.6,Estimated,Estimated using AADF from previous year on this link,12,45,7181,128,1549,133,53,26,3,7,11,232,9135
37843,2014,8,Yorkshire and The Humber,195,Bradford,A6034,Major,A629,A65,405000,448700,53.93441232,-1.92533418,5.8,3.6,Estimated,Estimated using AADF from previous year on this link,10,46,7281,131,1665,132,57,27,3,7,12,238,9362
37843,2015,8,Yorkshire and The Humber,195,Bradford,A6034,Major,A629,A65,405000,448700,53.93441232,-1.92533418,5.8,3.6,Estimated,Estimated using AADF from previous year on this link,10,44,7195,134,1782,132,61,27,4,7,12,244,9399
37843,2016,8,Yorkshire and The Humber,195,Bradford,A6034,Major,A629,A65,405030,448700,53.93441204,-1.92487724,5.8,3.6,Counted,Manual count,31,64,7889,85,1215,100,20,26,11,11,6,174,9427
37843,2017,8,Yorkshire and The Humber,195,Bradford,A6034,Major,A629,A65,405030,448700,53.93441204,-1.92487724,5.8,3.6,Estimated,Estimated using AADF from previous year on this link,31,62,7880,83,1286,103,21,27,11,11,6,178,9489
37843,2018,8,Yorkshire and The Humber,195,Bradford,A6034,Major,A629,A65,405030,448700,53.93441204,-1.92487724,5.8,3.6,Estimated,Estimated using AADF from previous year on this link,30,61,7842,79,1346,105,22,28,11,11,6,182,9510
37843,2019,8,Yorkshire and The Humber,195,Bradford,A6034,Major,A629,A65,405030,448700,53.93441204,-1.92487724,5.8,3.6,Estimated,Estimated using AADF from previous year on this link,37,65,7860,78,1342,104,23,29,11,11,6,183,9528
37843,2020,8,Yorkshire and The Humber,195,Bradford,A6034,Major,A629,A65,405030,448700,53.93441204,-1.92487724,5.8,3.6,Estimated,Estimated using AADF from previous year on this link,47,48,5739,50,1149,94,20,26,10,10,5,164,7150
37843,2021,8,Yorkshire and The Humber,195,Bradford,A6034,Major,A629,A65,405030,448700,53.93441204,-1.92487724,5.8,3.6,Estimated,Estimated using AADF from previous year on this link,35,50,6276,59,1315,102,21,28,10,10,6,177,7878
37843,2022,8,Yorkshire and The Humber,195,Bradford,A6034,Major,A629,A65,405030,448700,53.93441204,-1.92487724,5.8,3.6,Estimated,Estimated using AADF from previous year on this link,34,56,6737,63,1465,105,22,29,11,10,6,182,8502
37843,2023,8,Yorkshire and The Humber,195,Bradford,A6034,Major,A629,A65,405030,448700,53.93441204,-1.92487724,5.8,3.6,Estimated,Estimated using AADF from previous year on this link,33,52,6903,62,1494,105,21,27,11,11,5,179,8690
37843,2024,8,Yorkshire and The Humber,195,Bradford,A6034,Major,A629,A65,405030,448700,53.93441204,-1.92487724,5.8,3.6,Counted,Manual count,13,27,8724,78,1515,60,35,13,34,5,20,166,10510
37843,2025,8,Yorkshire and The Humber,195,Bradford,A6034,Major,A629,A65,405030,448700,53.93441204,-1.92487724,5.8,3.6,Estimated,Estimated using AADF from previous year on this link,13,28,8817,78,1547,59,35,13,34,5,19,166,10636
37844,2000,8,Yorkshire and The Humber,195,Bradford,A6177,Major,A650,A647,418500,432000,53.78401426,-1.72071451,2.2,1.4,Counted,Manual count,55,120,15843,51,2768,462,91,85,89,249,141,1117,19899
37844,2001,8,Yorkshire and The Humber,195,Bradford,A6177,Major,A650,A647,418500,432000,53.78401426,-1.72071451,2.2,1.4,Estimated,Estimated using AADF from previous year on this link,53,124,16160,52,2757,453,105,85,78,214,158,1093,20186
37844,2002,8,Yorkshire and The Humber,195,Bradford,A6177,Major,A650,A647,418500,432000,53.78401426,-1.72071451,2.2,1.4,Counted,Manual count,38,137,15969,31,2701,520,62,77,85,253,126,1123,19961
37844,2003,8,Yorkshire and The Humber,195,Bradford,A6177,Major,A650,A647,418500,432000,53.78401426,-1.72071451,2.2,1.4,Estimated,Estimated using AADF from previous year on this link,34,153,15745,28,2944,558,70,90,81,225,138,1162,20032
37844,2004,8,Yorkshire and The Humber,195,Bradford,A6177,Major,A650,A647,418500,432000,53.78401426,-1.72071451,2.2,1.4,Counted,Manual count,28,75,14469,40,2474,488,50,67,69,222,149,1045,18103
37844,2005,8,Yorkshire and The Humber,195,Bradford,A6177,Major,A650,A647,418500,432000,53.78401426,-1.72071451,2.2,1.4,Estimated,Estimated using AADF from previous year on this link,22,76,14106,39,2540,469,46,68,61,193,157,994,17755
37844,2006,8,Yorkshire and The Humber,195,Bradford,A6177,Major,A650,A647,418500,432000,53.78401426,-1.72071451,2.2,1.4,Counted,Manual count,36,93,14732,71,2643,368,68,61,54,179,136,866,18405
37844,2007,8,Yorkshire and The Humber,195,Bradford,A6177,Major,A650,A647,418500,432000,53.78401426,-1.72071451,2.2,1.4,Estimated,Estimated using AADF from previous year on this link,23,80,14376,62,2867,381,70,69,46,169,138,873,18258
37844,2008,8,Yorkshire and The Humber,195,Bradford,A6177,Major,A650,A647,418500,432000,53.78401426,-1.72071451,2.2,1.4,Counted,Manual count,58,91,13502,46,2723,444,82,64,25,112,103,830,17192
37844,2009,8,Yorkshire and The Humber,195,Bradford,A6177,Major,A650,A647,418500,432000,53.78401426,-1.72071451,2.2,1.4,Estimated,Estimated using AADF from previous year on this link,58,101,13799,46,2763,404,82,61,23,97,100,767,17476
37844,2010,8,Yorkshire and The Humber,195,Bradford,A6177,Major,A650,A647,418500,432000,53.78401426,-1.72071451,2.2,1.4,Estimated,Estimated using AADF from previous year on this link,58,96,13716,52,2951,430,84,54,27,92,101,788,17603
37844,2011,8,Yorkshire and The Humber,195,Bradford,A6177,Major,A650,A647,418500,432000,53.78401426,-1.72071451,2.2,1.4,Estimated,Estimated using AADF from previous year on this link,64,81,13675,50,3294,437,92,62,21,95,112,819,17919
37844,2012,8,Yorkshire and The Humber,195,Bradford,A6177,Major,A650,A647,418500,432000,53.78401426,-1.72071451,2.2,1.4,Estimated,Estimated using AADF from previous year on this link,61,77,13462,54,3333,442,100,71,15,85,107,819,17745
37844,2013,8,Yorkshire and The Humber,195,Bradford,A6177,Major,A650,A647,418500,432000,53.78401426,-1.72071451,2.2,1.4,Estimated,Estimated using AADF from previous year on this link,60,86,13343,57,3464,445,109,80,11,80,109,835,17785
37844,2014,8,Yorkshire and The Humber,195,Bradford,A6177,Major,A650,A647,418500,432000,53.78401426,-1.72071451,2.2,1.4,Estimated,Estimated using AADF from previous year on this link,58,83,13705,55,3705,456,121,88,10,66,102,843,18389
37844,2015,8,Yorkshire and The Humber,195,Bradford,A6177,Major,A650,A647,418500,432000,53.78401426,-1.72071451,2.2,1.4,Estimated,Estimated using AADF from previous year on this link,54,73,13976,59,3885,433,124,83,11,63,99,813,18806
37844,2016,8,Yorkshire and The Humber,195,Bradford,A6177,Major,A650,A647,418500,432000,53.78401426,-1.72071451,2.2,1.4,Counted,Manual count,81,87,13454,18,2415,329,68,46,40,148,97,727,16700
37844,2017,8,Yorkshire and The Humber,195,Bradford,A6177,Major,A650,A647,418500,432000,53.78401426,-1.72071451,2.2,1.4,Estimated,Estimated using AADF from previous year on this link,78,88,13355,16,2542,326,69,47,42,147,101,732,16733
37844,2018,8,Yorkshire and The Humber,195,Bradford,A6177,Major,A650,A647,418500,432000,53.78401426,-1.72071451,2.3,1.4,Estimated,Estimated using AADF from previous year on this link,86,87,13208,15,2590,329,69,45,42,152,105,743,16642
37844,2019,8,Yorkshire and The Humber,195,Bradford,A6177,Major,A650,A647,418500,432000,53.78401426,-1.72071451,2.3,1.4,Estimated,Estimated using AADF from previous year on this link,94,81,13373,15,2567,325,70,46,43,156,105,746,16783
37844,2020,8,Yorkshire and The Humber,195,Bradford,A6177,Major,A650,A647,418500,432000,53.78401426,-1.72071451,2.3,1.4,Counted,Manual count,53,54,12315,1,2266,348,112,80,21,48,335,943,15580
37844,2021,8,Yorkshire and The Humber,195,Bradford,A6177,Major,A650,A647,418500,432000,53.78401426,-1.72071451,2.3,1.4,Estimated,Estimated using AADF from previous year on this link,43,57,13568,1,2470,373,121,87,22,51,358,1012,17109
37845,2000,8,Yorkshire and The Humber,195,Bradford,A6038,Major,A650(T),A6037,414700,437000,53.82907375,-1.77814829,0.3,0.2,Estimated,Estimated using AADF from previous year on this link,56,140,13043,234,1660,486,48,42,88,111,108,883,15960
37845,2001,8,Yorkshire and The Humber,195,Bradford,A6038,Major,A650(T),A6037,414700,437000,53.82907375,-1.77814829,0.3,0.2,Estimated,Estimated using AADF from previous year on this link,54,147,12639,245,1672,463,53,40,71,88,112,827,15530
37845,2002,8,Yorkshire and The Humber,195,Bradford,A6038,Major,A650(T),A6037,414700,437000,53.82907375,-1.77814829,0.3,0.2,Estimated,Estimated using AADF from previous year on this link,56,152,12842,247,1792,438,54,40,65,77,123,797,15830
37845,2003,8,Yorkshire and The Humber,195,Bradford,A6038,Major,A650(T),A6037,414700,437000,53.82907375,-1.77814829,0.3,0.2,Counted,Manual count,47,83,11816,288,1410,424,45,54,48,86,56,713,14310
37845,2004,8,Yorkshire and The Humber,195,Bradford,A6038,Major,A650(T),A6037,414700,437000,53.82907375,-1.77814829,0.3,0.2,Estimated,Estimated using AADF from previous year on this link,38,55,11969,236,1552,515,58,72,49,81,66,841,14653
37845,2005,8,Yorkshire and The Humber,195,Bradford,A6038,Major,A650(T),A6037,414700,437000,53.82907375,-1.77814829,0.3,0.2,Estimated,Estimated using AADF from previous year on this link,32,45,11419,223,1655,558,61,82,40,65,64,870,14212
37845,2006,8,Yorkshire and The Humber,195,Bradford,A6038,Major,A650(T),A6037,414700,437000,53.82907375,-1.77814829,0.3,0.2,Estimated,Estimated using AADF from previous year on this link,50,40,11202,207,1680,538,57,84,32,51,61,823,13952
37845,2007,8,Yorkshire and The Humber,195,Bradford,A6038,Major,A650(T),A6037,414700,437000,53.82907375,-1.77814829,0.3,0.2,Estimated,Estimated using AADF from previous year on this link,32,38,11023,188,1769,500,53,86,25,46,58,768,13786
37845,2008,8,Yorkshire and The Humber,195,Bradford,A6038,Major,A650(T),A6037,414700,437000,53.82907375,-1.77814829,0.3,0.2,Estimated,Estimated using AADF from previous year on this link,35,36,10781,163,1805,499,60,92,22,39,56,768,13553
37845,2009,8,Yorkshire and The Humber,195,Bradford,A6038,Major,A650(T),A6037,414700,437000,53.82907375,-1.77814829,0.3,0.2,Estimated,Estimated using AADF from previous year on this link,35,40,11018,161,1832,454,60,88,20,34,54,710,13761
37845,2010,8,Yorkshire and The Humber,195,Bradford,A6038,Major,A650(T),A6037,414700,437000,53.82907375,-1.77814829,0.3,0.2,Counted,Manual count,39,71,11221,214,1530,297,49,27,32,121,76,602,13638
37845,2011,8,Yorkshire and The Humber,195,Bradford,A6038,Major,A650(T),A6037,414700,437000,53.82907375,-1.77814829,0.3,0.2,Estimated,Estimated using AADF from previous year on this link,43,60,11187,202,1708,301,54,31,26,125,84,621,13778
37845,2012,8,Yorkshire and The Humber,195,Bradford,A6038,Major,A650(T),A6037,414700,437000,53.82907375,-1.77814829,0.3,0.2,Estimated,Estimated using AADF from previous year on this link,41,57,11012,220,1728,304,59,35,18,111,80,608,13626
37845,2013,8,Yorkshire and The Humber,195,Bradford,A6038,Major,A650(T),A6037,414700,437000,53.82907375,-1.77814829,0.3,0.2,Estimated,Estimated using AADF from previous year on this link,40,64,10915,230,1796,307,64,40,13,106,81,612,13617
37845,2014,8,Yorkshire and The Humber,195,Bradford,A6038,Major,A650(T),A6037,414700,437000,53.82907375,-1.77814829,0.3,0.2,Estimated,Estimated using AADF from previous year on this link,39,61,11211,221,1921,314,71,44,12,86,77,604,14019
37845,2015,8,Yorkshire and The Humber,195,Bradford,A6038,Major,A650(T),A6037,414700,437000,53.82907375,-1.77814829,0.3,0.2,Estimated,Estimated using AADF from previous year on this link,36,54,11433,238,2014,298,73,42,14,83,74,584,14324
37845,2016,8,Yorkshire and The Humber,195,Bradford,A6038,Major,A650(T),A6037,414700,437000,53.82907375,-1.77814829,0.3,0.2,Estimated,Estimated using AADF from previous year on this link,34,53,11612,221,2200,302,72,47,15,74,73,583,14668
37845,2017,8,Yorkshire and The Humber,195,Bradford,A6038,Major,A650(T),A6037,414700,437000,53.82907375,-1.77814829,0.3,0.2,Estimated,Estimated using AADF from previous year on this link,32,53,11526,206,2316,300,73,48,15,73,76,586,14688
37845,2018,8,Yorkshire and The Humber,195,Bradford,A6038,Major,A650(T),A6037,414700,437000,53.82907375,-1.77814829,0.3,0.2,Counted,Manual count,35,63,10897,167,1587,265,46,79,42,109,82,623,13338
37845,2019,8,Yorkshire and The Humber,195,Bradford,A6038,Major,A650(T),A6037,414700,437000,53.82907375,-1.77814829,0.3,0.2,Estimated,Estimated using AADF from previous year on this link,38,59,11034,169,1573,262,47,79,43,112,82,625,13461
37845,2020,8,Yorkshire and The Humber,195,Bradford,A6038,Major,A650(T),A6037,414700,437000,53.82907375,-1.77814829,0.3,0.2,Estimated,Estimated using AADF from previous year on this link,43,44,8381,107,1388,230,41,71,37,99,72,550,10470
37845,2021,8,Yorkshire and The Humber,195,Bradford,A6038,Major,A650(T),A6037,414700,437000,53.82907375,-1.77814829,0.3,0.2,Estimated,Estimated using AADF from previous year on this link,35,46,9233,110,1514,246,44,78,40,106,77,590,11493
37845,2022,8,Yorkshire and The Humber,195,Bradford,A6038,Major,A650(T),A6037,414700,437000,53.82907375,-1.77814829,0.3,0.2,Estimated,Estimated using AADF from previous year on this link,32,51,9862,118,1641,255,45,83,41,108,79,611,12283
37845,2023,8,Yorkshire and The Humber,195,Bradford,A6038,Major,A650(T),A6037,414700,437000,53.82907375,-1.77814829,0.3,0.2,Estimated,Estimated using AADF from previous year on this link,31,50,10048,120,1669,252,44,81,42,106,76,600,12486
37845,2024,8,Yorkshire and The Humber,195,Bradford,A6038,Major,A650(T),A6037,414700,437000,53.82907375,-1.77814829,0.3,0.2,Estimated,Estimated using AADF from previous year on this link,32,52,10200,120,1699,255,44,79,41,102,73,595,12666
37845,2025,8,Yorkshire and The Humber,195,Bradford,A6038,Major,A650(T),A6037,414700,437000,53.82907375,-1.77814829,0.3,0.2,Estimated,Estimated using AADF from previous year on this link,32,53,10212,117,1733,253,45,82,41,100,72,592,12707
37883,2000,8,Yorkshire and The Humber,195,Bradford,A629,Major,A6035,A6035,406030,441150,53.86654376,-1.90979156,0.8,0.5,Estimated,Estimated using AADF from previous year on this link,61,181,17973,623,2271,437,46,73,52,81,21,710,21758
37883,2001,8,Yorkshire and The Humber,195,Bradford,A629,Major,A6035,A6035,406030,441150,53.86654376,-1.90979156,0.8,0.5,Estimated,Estimated using AADF from previous year on this link,59,188,18333,634,2262,429,52,73,45,70,23,692,22109
37883,2002,8,Yorkshire and The Humber,195,Bradford,A629,Major,A6035,A6035,406030,441150,53.86654376,-1.90979156,0.8,0.5,Estimated,Estimated using AADF from previous year on this link,61,190,18296,648,2266,413,54,76,41,61,25,670,22070
37883,2003,8,Yorkshire and The Humber,195,Bradford,A629,Major,A6035,A6035,406030,441150,53.86654376,-1.90979156,0.8,0.5,Counted,Manual count,120,203,17533,443,2282,341,49,75,55,72,45,637,21098
37883,2004,8,Yorkshire and The Humber,195,Bradford,A629,Major,A6035,A6035,406030,441150,53.86654376,-1.90979156,0.8,0.5,Estimated,Estimated using AADF from previous year on this link,98,178,17568,412,2261,342,51,82,52,63,49,639,21058
37883,2005,8,Yorkshire and The Humber,195,Bradford,A629,Major,A6035,A6035,406030,441150,53.86654376,-1.90979156,0.8,0.5,Estimated,Estimated using AADF from previous year on this link,82,180,17129,406,2319,329,48,83,46,55,52,613,20647
37883,2006,8,Yorkshire and The Humber,195,Bradford,A629,Major,A6035,A6035,406030,441150,53.86654376,-1.90979156,0.8,0.5,Estimated,Estimated using AADF from previous year on this link,130,188,17180,399,2357,336,48,89,42,49,56,620,20744
37883,2007,8,Yorkshire and The Humber,195,Bradford,A629,Major,A6035,A6035,406030,441150,53.86654376,-1.90979156,0.8,0.5,Estimated,Estimated using AADF from previous year on this link,82,190,16372,384,2571,332,47,98,36,46,58,617,20134
37883,2008,8,Yorkshire and The Humber,195,Bradford,A629,Major,A6035,A6035,406030,441150,53.86654376,-1.90979156,0.8,0.5,Estimated,Estimated using AADF from previous year on this link,91,176,16061,388,2691,319,51,100,32,41,56,599,19915
37883,2009,8,Yorkshire and The Humber,195,Bradford,A629,Major,A6035,A6035,406030,441150,53.86654376,-1.90979156,0.8,0.5,Counted,Manual count,80,192,16036,659,2525,379,65,52,43,41,36,616,20028
37883,2010,8,Yorkshire and The Humber,195,Bradford,A629,Major,A6035,A6035,406030,441150,53.86654376,-1.90979156,0.8,0.5,Estimated,Estimated using AADF from previous year on this link,80,177,15700,693,2538,376,61,43,46,36,33,595,19703
37883,2011,8,Yorkshire and The Humber,195,Bradford,A629,Major,A6035,A6035,406030,441150,53.86654376,-1.90979156,0.8,0.5,Estimated,Estimated using AADF from previous year on this link,89,149,15653,655,2832,382,67,49,37,38,37,610,19899
37883,2012,8,Yorkshire and The Humber,195,Bradford,A629,Major,A6035,A6035,406030,441150,53.86654376,-1.90979156,0.8,0.5,Estimated,Estimated using AADF from previous year on this link,84,142,15409,712,2866,386,73,56,26,34,35,610,19739
37883,2013,8,Yorkshire and The Humber,195,Bradford,A629,Major,A6035,A6035,406030,441150,53.86654376,-1.90979156,0.8,0.5,Counted,Manual count,82,128,16297,486,2399,302,47,54,45,45,39,531,19840
37883,2014,8,Yorkshire and The Humber,195,Bradford,A629,Major,A6035,A6035,406030,441150,53.86654376,-1.90979156,0.8,0.5,Estimated,Estimated using AADF from previous year on this link,79,122,16738,468,2565,309,52,59,40,36,36,533,20427
37883,2015,8,Yorkshire and The Humber,195,Bradford,A629,Major,A6035,A6035,406030,441150,53.86654376,-1.90979156,0.8,0.5,Estimated,Estimated using AADF from previous year on this link,74,124,16431,464,2698,300,55,58,48,36,36,533,20251
37883,2016,8,Yorkshire and The Humber,195,Bradford,A629,Major,A6035,A6035,406030,441150,53.86654376,-1.90979156,0.8,0.5,Estimated,Estimated using AADF from previous year on this link,69,121,16688,430,2947,305,55,65,50,32,35,542,20728
37883,2017,8,Yorkshire and The Humber,195,Bradford,A629,Major,A6035,A6035,406030,441150,53.86654376,-1.90979156,0.8,0.5,Estimated,Estimated using AADF from previous year on this link,66,123,16565,402,3103,302,55,67,52,32,37,545,20737
37883,2018,8,Yorkshire and The Humber,195,Bradford,A629,Major,A6035,A6035,406030,441150,53.86654376,-1.90979156,0.8,0.5,Counted,Manual count,91,186,17419,522,2520,278,52,82,54,75,55,596,21243
37883,2019,8,Yorkshire and The Humber,195,Bradford,A629,Major,A6035,A6035,406030,441150,53.86654376,-1.90979156,0.8,0.5,Estimated,Estimated using AADF from previous year on this link,100,175,17638,528,2498,275,53,83,55,77,55,597,21435
37883,2020,8,Yorkshire and The Humber,195,Bradford,A629,Major,A6035,A6035,406030,441150,53.86654376,-1.90979156,0.8,0.5,Estimated,Estimated using AADF from previous year on this link,114,129,13397,333,2204,242,46,74,47,68,48,525,16589
37883,2021,8,Yorkshire and The Humber,195,Bradford,A629,Major,A6035,A6035,406030,441150,53.86654376,-1.90979156,0.8,0.5,Estimated,Estimated using AADF from previous year on this link,93,137,14760,344,2403,259,49,81,51,73,51,563,18207
37883,2022,8,Yorkshire and The Humber,195,Bradford,A629,Major,A6035,A6035,406030,441150,53.86654376,-1.90979156,0.8,0.5,Counted,Manual count,90,106,17760,438,2539,314,41,44,34,60,79,572,21416
37883,2023,8,Yorkshire and The Humber,195,Bradford,A629,Major,A6035,A6035,406030,441150,53.86654376,-1.90979156,0.8,0.5,Estimated,Estimated using AADF from previous year on this link,88,105,18094,442,2582,310,41,43,34,59,76,563,21786
37883,2024,8,Yorkshire and The Humber,195,Bradford,A629,Major,A6035,A6035,406030,441150,53.86654376,-1.90979156,0.8,0.5,Estimated,Estimated using AADF from previous year on this link,89,108,18368,444,2628,315,41,42,33,57,74,562,22110
37883,2025,8,Yorkshire and The Humber,195,Bradford,A629,Major,A6035,A6035,406030,441150,53.86654376,-1.90979156,0.8,0.5,Estimated,Estimated using AADF from previous year on this link,90,110,18390,434,2682,312,41,43,34,56,72,557,22174
37991,2000,8,Yorkshire and The Humber,195,Bradford,A6181,Major,A650 Bridge St,A647,416528,433043,53.79345434,-1.75058706,0.3,0.2,Estimated,Estimated using AADF from previous year on this link,79,128,21410,588,2750,596,36,42,27,26,28,755,25631
37991,2001,8,Yorkshire and The Humber,195,Bradford,A6181,Major,A650 Bridge St,A647,416528,433043,53.79345434,-1.75058706,0.3,0.2,Counted,Manual count,61,119,17877,648,2119,168,42,9,8,15,13,255,21018
37991,2002,8,Yorkshire and The Humber,195,Bradford,A6181,Major,A650 Bridge St,A647,416540,433030,53.79333712,-1.75040559,0.3,0.2,Estimated,Estimated using AADF from previous year on this link,63,121,17841,662,2123,162,43,9,7,13,14,248,20995
37991,2003,8,Yorkshire and The Humber,195,Bradford,A6181,Major,A650 Bridge St,A647,416540,433030,53.79333712,-1.75040559,0.3,0.2,Estimated,Estimated using AADF from previous year on this link,56,135,17592,591,2314,174,49,11,7,12,16,269,20901
37991,2004,8,Yorkshire and The Humber,195,Bradford,A6181,Major,A650 Bridge St,A647,416540,433030,53.79333712,-1.75040559,0.3,0.2,Estimated,Estimated using AADF from previous year on this link,46,119,17626,550,2293,174,52,11,7,10,17,271,20859
37991,2005,8,Yorkshire and The Humber,195,Bradford,A6181,Major,A650 Bridge St,A647,416540,433030,53.79333712,-1.75040559,0.3,0.2,Estimated,Estimated using AADF from previous year on this link,39,121,17186,541,2353,168,48,12,6,9,17,260,20461
37991,2006,8,Yorkshire and The Humber,195,Bradford,A6181,Major,A650 Bridge St,A647,416540,433030,53.79333712,-1.75040559,0.3,0.2,Estimated,Estimated using AADF from previous year on this link,61,125,17237,533,2391,171,48,13,5,7,19,263,20549
37991,2007,8,Yorkshire and The Humber,195,Bradford,A6181,Major,A650 Bridge St,A647,416540,433030,53.79333712,-1.75040559,0.3,0.2,Estimated,Estimated using AADF from previous year on this link,38,127,16427,513,2608,170,48,14,4,7,20,263,19938
37991,2008,8,Yorkshire and The Humber,195,Bradford,A6181,Major,A650 Bridge St,A647,416540,433030,53.79333712,-1.75040559,0.3,0.2,Estimated,Estimated using AADF from previous year on this link,42,121,16066,445,2663,169,53,14,4,7,19,266,19561
37991,2009,8,Yorkshire and The Humber,195,Bradford,A6181,Major,A650 Bridge St,A647,416540,433030,53.79333712,-1.75040559,0.3,0.2,Counted,Manual count,59,40,9960,462,1221,151,22,12,4,10,6,205,11888
37991,2010,8,Yorkshire and The Humber,195,Bradford,A6181,Major,A650 Bridge St,A647,416540,433030,53.79333712,-1.75040559,0.3,0.2,Counted,Manual count,68,41,9944,537,1201,129,14,16,6,8,6,179,11902
37991,2011,8,Yorkshire and The Humber,195,Bradford,A6181,Major,A650 Bridge St,A647,416540,433030,53.79333712,-1.75040559,0.3,0.2,Estimated,Estimated using AADF from previous year on this link,75,34,9914,507,1340,131,15,18,5,8,6,183,11978
37991,2012,8,Yorkshire and The Humber,195,Bradford,A6181,Major,A650 Bridge St,A647,416540,433030,53.79333712,-1.75040559,0.3,0.2,Estimated,Estimated using AADF from previous year on this link,71,33,9759,551,1356,132,16,21,3,7,6,186,11885
37991,2013,8,Yorkshire and The Humber,195,Bradford,A6181,Major,A650 Bridge St,A647,416540,433030,53.79333712,-1.75040559,0.3,0.2,Estimated,Estimated using AADF from previous year on this link,70,36,9673,576,1409,134,18,23,3,7,6,190,11885
37991,2014,8,Yorkshire and The Humber,195,Bradford,A6181,Major,A650 Bridge St,A647,416540,433030,53.79333712,-1.75040559,0.3,0.2,Estimated,Estimated using AADF from previous year on this link,68,35,9936,555,1507,137,20,26,2,6,5,195,12227
37991,2015,8,Yorkshire and The Humber,195,Bradford,A6181,Major,A650 Bridge St,A647,416540,433030,53.79333712,-1.75040559,0.3,0.2,Estimated,Estimated using AADF from previous year on this link,63,31,10132,598,1580,130,20,24,3,5,5,187,12528
37991,2016,8,Yorkshire and The Humber,195,Bradford,A6181,Major,A650 Bridge St,A647,416540,433030,53.79333712,-1.75040559,0.3,0.2,Estimated,Estimated using AADF from previous year on this link,59,30,10290,554,1726,132,20,27,3,5,5,192,12792
37991,2017,8,Yorkshire and The Humber,195,Bradford,A6181,Major,A650 Bridge St,A647,416540,433030,53.79333712,-1.75040559,0.3,0.2,Estimated,Estimated using AADF from previous year on this link,56,30,10215,517,1817,131,20,28,3,5,5,192,12771
37991,2018,8,Yorkshire and The Humber,195,Bradford,A6181,Major,A650 Bridge St,A647,416540,433030,53.79333712,-1.75040559,0.3,0.2,Counted,Manual count,18,69,12996,438,1009,110,21,19,2,5,6,163,14675
37991,2019,8,Yorkshire and The Humber,195,Bradford,A6181,Major,A650 Bridge St,A647,416540,433030,53.79333712,-1.75040559,0.3,0.2,Estimated,Estimated using AADF from previous year on this link,20,65,13159,443,1000,109,22,19,2,5,6,162,14829
37991,2020,8,Yorkshire and The Humber,195,Bradford,A6181,Major,A650 Bridge St,A647,416540,433030,53.79333712,-1.75040559,0.3,0.2,Estimated,Estimated using AADF from previous year on this link,23,48,9995,280,883,96,19,17,2,4,5,143,11348
37991,2021,8,Yorkshire and The Humber,195,Bradford,A6181,Major,A650 Bridge St,A647,416540,433030,53.79333712,-1.75040559,0.3,0.2,Estimated,Estimated using AADF from previous year on this link,19,51,11012,289,962,102,20,18,2,5,5,153,12467
37991,2022,8,Yorkshire and The Humber,195,Bradford,A6181,Major,A650 Bridge St,A647,416540,433030,53.79333712,-1.75040559,0.3,0.2,Estimated,Estimated using AADF from previous year on this link,17,55,11762,311,1043,106,21,19,2,5,6,159,13330
37991,2023,8,Yorkshire and The Humber,195,Bradford,A6181,Major,A650 Bridge St,A647,416540,433030,53.79333712,-1.75040559,0.3,0.2,Estimated,Estimated using AADF from previous year on this link,17,55,11983,314,1061,105,21,19,2,5,5,156,13568
37991,2024,8,Yorkshire and The Humber,195,Bradford,A6181,Major,A650 Bridge St,A647,416540,433030,53.79333712,-1.75040559,0.3,0.2,Estimated,Estimated using AADF from previous year on this link,17,56,12164,315,1080,106,21,19,2,5,5,157,13773
37991,2025,8,Yorkshire and The Humber,195,Bradford,A6181,Major,A650 Bridge St,A647,416540,433030,53.79333712,-1.75040559,0.3,0.2,Estimated,Estimated using AADF from previous year on this link,17,57,12179,308,1102,105,21,19,2,4,5,157,13803
38346,2000,8,Yorkshire and The Humber,195,Bradford,A6181,Major,A650,A647,416000,433530,53.79784777,-1.75857701,1.1,0.7,Counted,Manual count,31,106,19152,388,1565,555,38,29,34,27,23,706,21917
38346,2001,8,Yorkshire and The Humber,195,Bradford,A6181,Major,A650,A647,416000,433530,53.79784777,-1.75857701,1.1,0.7,Estimated,Estimated using AADF from previous year on this link,29,110,19535,395,1559,544,44,29,30,23,26,696,22295
38346,2002,8,Yorkshire and The Humber,195,Bradford,A6181,Major,A650,A647,416000,433530,53.79784777,-1.75857701,1.1,0.7,Estimated,Estimated using AADF from previous year on this link,30,112,19496,404,1563,523,46,30,28,20,28,675,22250
38346,2003,8,Yorkshire and The Humber,195,Bradford,A6181,Major,A650,A647,416000,433530,53.79784777,-1.75857701,1.1,0.7,Counted,Manual count,64,129,21352,289,1786,248,36,18,17,30,8,357,23913
38346,2004,8,Yorkshire and The Humber,195,Bradford,A6181,Major,A650,A647,416000,433530,53.79784777,-1.75857701,1.1,0.7,Estimated,Estimated using AADF from previous year on this link,52,114,21395,269,1770,249,38,19,16,26,8,356,23904
38346,2005,8,Yorkshire and The Humber,195,Bradford,A6181,Major,A650,A647,416000,433530,53.79784777,-1.75857701,1.1,0.7,Estimated,Estimated using AADF from previous year on this link,44,114,20860,264,1816,239,36,19,14,23,9,340,23394
38346,2006,8,Yorkshire and The Humber,195,Bradford,A6181,Major,A650,A647,416000,433530,53.79784777,-1.75857701,1.1,0.7,Estimated,Estimated using AADF from previous year on this link,69,119,20922,260,1845,245,35,21,13,20,10,344,23490
38346,2007,8,Yorkshire and The Humber,195,Bradford,A6181,Major,A650,A647,416000,433530,53.79784777,-1.75857701,1.1,0.7,Counted,Manual count,39,104,21532,306,1916,227,14,24,19,32,29,345,24203
38346,2008,8,Yorkshire and The Humber,195,Bradford,A6181,Major,A650,A647,416000,433530,53.79784777,-1.75857701,1.1,0.7,Estimated,Estimated using AADF from previous year on this link,44,97,21122,309,2006,217,15,24,16,28,29,329,23863
38346,2009,8,Yorkshire and The Humber,195,Bradford,A6181,Major,A650,A647,416000,433530,53.79784777,-1.75857701,1.1,0.7,Estimated,Estimated using AADF from previous year on this link,44,91,20784,302,2172,209,15,24,16,25,29,318,23667
38346,2010,8,Yorkshire and The Humber,195,Bradford,A6181,Major,A650,A647,416000,433530,53.79784777,-1.75857701,1.1,0.7,Counted,Manual count,39,91,20410,241,1900,159,26,26,14,19,8,252,22894
38346,2011,8,Yorkshire and The Humber,195,Bradford,A6181,Major,A650,A647,416000,433530,53.79784777,-1.75857701,1.1,0.7,Estimated,Estimated using AADF from previous year on this link,43,97,20308,241,1959,159,28,30,11,19,8,255,22860
38346,2012,8,Yorkshire and The Humber,195,Bradford,A6181,Major,A650,A647,416000,433530,53.79784777,-1.75857701,1.1,0.7,Estimated,Estimated using AADF from previous year on this link,41,88,20222,259,1881,141,27,30,8,18,8,231,22681
38346,2013,8,Yorkshire and The Humber,195,Bradford,A6181,Major,A650,A647,416000,433530,53.79784777,-1.75857701,1.1,0.7,Estimated,Estimated using AADF from previous year on this link,40,88,20107,244,1903,140,29,34,6,16,8,233,22574
38346,2014,8,Yorkshire and The Humber,195,Bradford,A6181,Major,A650,A647,416000,433530,53.79784777,-1.75857701,1.1,0.7,Estimated,Estimated using AADF from previous year on this link,39,93,19899,259,2167,148,33,38,6,16,9,250,22668
38346,2015,8,Yorkshire and The Humber,195,Bradford,A6181,Major,A650,A647,416018,433535,53.79789216,-1.75830349,1.1,0.7,Counted,Manual count,10,59,23456,285,1980,150,59,17,8,35,31,300,26080
38346,2016,8,Yorkshire and The Humber,195,Bradford,A6181,Major,A650,A647,416018,433535,53.79789216,-1.75830349,1.1,0.7,Estimated,Estimated using AADF from previous year on this link,9,57,23822,264,2163,152,59,20,8,31,30,300,26606
38346,2017,8,Yorkshire and The Humber,195,Bradford,A6181,Major,A650,A647,416018,433535,53.79789216,-1.75830349,1.1,0.7,Estimated,Estimated using AADF from previous year on this link,9,58,23646,247,2277,151,60,20,9,31,32,302,26530
38346,2018,8,Yorkshire and The Humber,195,Bradford,A6181,Major,A650,A647,416018,433535,53.79789216,-1.75830349,1.1,0.7,Estimated,Estimated using AADF from previous year on this link,10,57,23386,224,2319,153,59,19,9,32,33,305,26291
38346,2019,8,Yorkshire and The Humber,195,Bradford,A6181,Major,A650,A647,416018,433535,53.79789216,-1.75830349,1.1,0.7,Counted,Manual count,26,45,19339,248,1930,157,31,18,9,58,35,309,21871
38346,2020,8,Yorkshire and The Humber,195,Bradford,A6181,Major,A650,A647,416018,433535,53.79789216,-1.75830349,1.1,0.7,Estimated,Estimated using AADF from previous year on this link,29,33,14690,157,1704,138,27,16,8,51,30,271,16854
38346,2021,8,Yorkshire and The Humber,195,Bradford,A6181,Major,A650,A647,416018,433535,53.79789216,-1.75830349,1.1,0.7,Estimated,Estimated using AADF from previous year on this link,24,35,16184,162,1857,148,29,18,9,55,32,291,18528
38346,2022,8,Yorkshire and The Humber,195,Bradford,A6181,Major,A650,A647,416018,433535,53.79789216,-1.75830349,1.1,0.7,Estimated,Estimated using AADF from previous year on this link,21,38,17286,174,2013,153,30,19,9,56,33,300,19811
38346,2023,8,Yorkshire and The Humber,195,Bradford,A6181,Major,A650,A647,416018,433535,53.79789216,-1.75830349,1.1,0.7,Counted,Manual count,30,20,21130,150,1821,159,21,28,7,41,26,284,23406
38346,2024,8,Yorkshire and The Humber,195,Bradford,A6181,Major,A650,A647,416018,433535,53.79789216,-1.75830349,1.1,0.7,Estimated,Estimated using AADF from previous year on this link,30,21,21451,151,1853,161,22,28,7,40,26,283,23759
38346,2025,8,Yorkshire and The Humber,195,Bradford,A6181,Major,A650,A647,416018,433535,53.79789216,-1.75830349,1.1,0.7,Estimated,Estimated using AADF from previous year on this link,30,21,21476,148,1891,160,22,28,7,39,25,281,23818
38611,2000,8,Yorkshire and The Humber,195,Bradford,A6035,Major,A6035 Cavendish St,A650(T),406750,441630,53.87084931,-1.89883239,0.8,0.5,Counted,Manual count,26,82,15117,295,2095,271,55,32,52,67,29,506,18095
38611,2001,8,Yorkshire and The Humber,195,Bradford,A6035,Major,A6035 Cavendish St,A650(T),406750,441630,53.87084931,-1.89883239,0.8,0.5,Estimated,Estimated using AADF from previous year on this link,25,86,14649,309,2109,259,61,31,42,53,30,476,17629
38611,2002,8,Yorkshire and The Humber,195,Bradford,A6035,Major,A6035 Cavendish St,A650(T),406750,441630,53.87084931,-1.89883239,0.8,0.5,Estimated,Estimated using AADF from previous year on this link,26,89,14884,311,2260,245,63,31,38,46,33,456,18000
38611,2003,8,Yorkshire and The Humber,195,Bradford,A6035,Major,A6035 Cavendish St,A650(T),406750,441630,53.87084931,-1.89883239,0.8,0.5,Estimated,Estimated using AADF from previous year on this link,23,127,14333,303,2454,238,65,33,36,41,37,450,17667
38611,2004,8,Yorkshire and The Humber,195,Bradford,A6035,Major,A6035 Cavendish St,A650(T),406750,441630,53.87084931,-1.89883239,0.8,0.5,Estimated,Estimated using AADF from previous year on this link,19,84,14519,248,2703,289,83,44,37,39,42,534,18088
38611,2005,8,Yorkshire and The Humber,195,Bradford,A6035,Major,A6035 Cavendish St,A650(T),406750,441630,53.87084931,-1.89883239,0.8,0.5,Estimated,Estimated using AADF from previous year on this link,16,68,13852,234,2881,313,87,49,31,31,42,553,17588
38611,2006,8,Yorkshire and The Humber,195,Bradford,A6035,Major,A6035 Cavendish St,A650(T),406750,441630,53.87084931,-1.89883239,0.8,0.5,Estimated,Estimated using AADF from previous year on this link,25,59,13588,217,2923,302,82,51,24,25,40,524,17311
38611,2007,8,Yorkshire and The Humber,195,Bradford,A6035,Major,A6035 Cavendish St,A650(T),406750,441630,53.87084931,-1.89883239,0.8,0.5,Estimated,Estimated using AADF from previous year on this link,16,57,13372,197,3078,280,76,52,20,21,37,486,17190
38611,2008,8,Yorkshire and The Humber,195,Bradford,A6035,Major,A6035 Cavendish St,A650(T),406750,441630,53.87084931,-1.89883239,0.8,0.5,Counted,Manual count,57,115,17083,252,2257,377,41,26,14,28,30,516,20223
38611,2009,8,Yorkshire and The Humber,195,Bradford,A6035,Major,A6035 Cavendish St,A650(T),406750,441630,53.87084931,-1.89883239,0.8,0.5,Estimated,Estimated using AADF from previous year on this link,57,108,16809,246,2444,363,43,26,14,24,30,500,20107
38611,2010,8,Yorkshire and The Humber,195,Bradford,A6035,Major,A6035 Cavendish St,A650(T),406750,441630,53.87084931,-1.89883239,0.8,0.5,Estimated,Estimated using AADF from previous year on this link,57,99,16456,259,2456,360,41,22,15,21,28,487,19757
38611,2011,8,Yorkshire and The Humber,195,Bradford,A6035,Major,A6035 Cavendish St,A650(T),406750,441630,53.87084931,-1.89883239,0.8,0.5,Estimated,Estimated using AADF from previous year on this link,62,83,16407,245,2741,366,45,25,12,21,31,500,19976
38611,2012,8,Yorkshire and The Humber,195,Bradford,A6035,Major,A6035 Cavendish St,A650(T),406750,441630,53.87084931,-1.89883239,0.8,0.5,Counted,Manual count,51,46,15076,258,1988,248,34,34,30,40,29,415,17782
38611,2013,8,Yorkshire and The Humber,195,Bradford,A6035,Major,A6035 Cavendish St,A650(T),406750,441630,53.87084931,-1.89883239,0.8,0.5,Estimated,Estimated using AADF from previous year on this link,50,51,14943,269,2067,250,37,39,22,38,29,415,17745
38611,2014,8,Yorkshire and The Humber,195,Bradford,A6035,Major,A6035 Cavendish St,A650(T),406750,441630,53.87084931,-1.89883239,0.8,0.5,Estimated,Estimated using AADF from previous year on this link,49,49,15348,259,2210,256,41,42,20,31,28,418,18284
38611,2015,8,Yorkshire and The Humber,195,Bradford,A6035,Major,A6035 Cavendish St,A650(T),406750,441630,53.87084931,-1.89883239,0.8,0.5,Estimated,Estimated using AADF from previous year on this link,45,43,15652,279,2318,243,42,40,23,30,27,405,18697
38611,2016,8,Yorkshire and The Humber,195,Bradford,A6035,Major,A6035 Cavendish St,A650(T),406750,441630,53.87084931,-1.89883239,0.8,0.5,Estimated,Estimated using AADF from previous year on this link,42,42,15896,259,2532,247,42,45,24,26,26,410,19139
38611,2017,8,Yorkshire and The Humber,195,Bradford,A6035,Major,A6035 Cavendish St,A650(T),406750,441630,53.87084931,-1.89883239,0.8,0.5,Estimated,Estimated using AADF from previous year on this link,41,43,15779,242,2665,245,42,46,25,26,27,412,19141
38611,2018,8,Yorkshire and The Humber,195,Bradford,A6035,Major,A6035 Cavendish St,A650(T),406740,441629,53.87084045,-1.89898449,0.8,0.5,Counted,Manual count,50,72,14874,180,1962,156,23,17,19,50,21,286,17374
38611,2019,8,Yorkshire and The Humber,195,Bradford,A6035,Major,A6035 Cavendish St,A650(T),406740,441629,53.87084045,-1.89898449,0.8,0.5,Estimated,Estimated using AADF from previous year on this link,54,67,15061,182,1945,154,24,17,19,51,21,286,17541
38611,2020,8,Yorkshire and The Humber,195,Bradford,A6035,Major,A6035 Cavendish St,A650(T),406740,441629,53.87084045,-1.89898449,0.8,0.5,Estimated,Estimated using AADF from previous year on this link,62,50,11440,115,1716,136,20,15,17,45,18,252,13572
38611,2021,8,Yorkshire and The Humber,195,Bradford,A6035,Major,A6035 Cavendish St,A650(T),406740,441629,53.87084045,-1.89898449,0.8,0.5,Estimated,Estimated using AADF from previous year on this link,51,53,12604,119,1871,145,22,17,18,48,20,270,14915
38611,2022,8,Yorkshire and The Humber,195,Bradford,A6035,Major,A6035 Cavendish St,A650(T),406740,441629,53.87084045,-1.89898449,0.8,0.5,Estimated,Estimated using AADF from previous year on this link,45,58,13462,127,2028,150,23,18,19,50,20,279,15954
38611,2023,8,Yorkshire and The Humber,195,Bradford,A6035,Major,A6035 Cavendish St,A650(T),406740,441629,53.87084045,-1.89898449,0.8,0.5,Estimated,Estimated using AADF from previous year on this link,45,57,13715,129,2063,148,22,17,19,48,19,274,16237
38611,2024,8,Yorkshire and The Humber,195,Bradford,A6035,Major,A6035 Cavendish St,A650(T),406740,441629,53.87084045,-1.89898449,0.8,0.5,Estimated,Estimated using AADF from previous year on this link,45,59,13923,129,2100,151,22,17,18,47,19,274,16484
38611,2025,8,Yorkshire and The Humber,195,Bradford,A6035,Major,A6035 Cavendish St,A650(T),406740,441629,53.87084045,-1.89898449,0.8,0.5,Estimated,Estimated using AADF from previous year on this link,45,60,13939,126,2143,149,22,17,19,46,18,271,16540
38665,2000,8,Yorkshire and The Humber,195,Bradford,A641,Major,A647,A6181,416284,432675,53.79015442,-1.75431017,0.2,0.1,Estimated,Estimated using AADF from previous year on this link,62,198,28852,146,4119,859,68,74,130,106,78,1315,34630
38665,2001,8,Yorkshire and The Humber,195,Bradford,A641,Major,A647,A6181,416284,432675,53.79015442,-1.75431017,0.2,0.1,Estimated,Estimated using AADF from previous year on this link,59,205,29429,148,4102,842,78,74,114,91,87,1286,35170
38665,2002,8,Yorkshire and The Humber,195,Bradford,A641,Major,A647,A6181,416284,432675,53.79015442,-1.75431017,0.2,0.1,Estimated,Estimated using AADF from previous year on this link,61,207,29370,151,4110,811,82,78,104,79,96,1250,35088
38665,2003,8,Yorkshire and The Humber,195,Bradford,A641,Major,A647,A6181,416284,432675,53.79015442,-1.75431017,0.2,0.1,Estimated,Estimated using AADF from previous year on this link,54,232,28959,135,4480,870,93,92,100,70,105,1330,35136
38665,2004,8,Yorkshire and The Humber,195,Bradford,A641,Major,A647,A6181,416284,432675,53.79015442,-1.75431017,0.2,0.1,Counted,Manual count,60,203,31644,514,3743,636,98,58,82,116,66,1056,37160
38665,2005,8,Yorkshire and The Humber,195,Bradford,A641,Major,A647,A6181,416284,432675,53.79015442,-1.75431017,0.2,0.1,Estimated,Estimated using AADF from previous year on this link,51,205,30853,505,3840,610,92,58,72,102,69,1003,36406
38665,2006,8,Yorkshire and The Humber,195,Bradford,A641,Major,A647,A6181,416284,432675,53.79015442,-1.75431017,0.2,0.1,Estimated,Estimated using AADF from previous year on this link,79,213,30945,498,3901,624,92,64,65,91,75,1011,36568
38665,2007,8,Yorkshire and The Humber,195,Bradford,A641,Major,A647,A6181,416284,432675,53.79015442,-1.75431017,0.2,0.1,Estimated,Estimated using AADF from previous year on this link,50,216,29491,479,4257,616,90,68,55,86,76,991,35434
38665,2008,8,Yorkshire and The Humber,195,Bradford,A641,Major,A647,A6181,416284,432675,53.79015442,-1.75431017,0.2,0.1,Estimated,Estimated using AADF from previous year on this link,55,202,28930,484,4457,591,98,70,49,76,75,959,35032
38665,2009,8,Yorkshire and The Humber,195,Bradford,A641,Major,A647,A6181,416284,432675,53.79015442,-1.75431017,0.2,0.1,Counted,Manual count,41,148,28203,481,3606,652,76,90,63,123,64,1068,33506
38665,2010,8,Yorkshire and The Humber,195,Bradford,A641,Major,A647,A6181,416284,432675,53.79015442,-1.75431017,0.2,0.1,Counted,Manual count,46,127,26536,452,3637,448,63,39,36,95,57,738,31490
38665,2011,8,Yorkshire and The Humber,195,Bradford,A641,Major,A647,A6181,416284,432675,53.79015442,-1.75431017,0.2,0.1,Estimated,Estimated using AADF from previous year on this link,50,135,26403,452,3750,446,68,44,28,93,60,739,31479
38665,2012,8,Yorkshire and The Humber,195,Bradford,A641,Major,A647,A6181,416284,432675,53.79015442,-1.75431017,0.2,0.1,Estimated,Estimated using AADF from previous year on this link,47,122,26291,486,3601,394,65,44,20,86,60,669,31169
38665,2013,8,Yorkshire and The Humber,195,Bradford,A641,Major,A647,A6181,416284,432675,53.79015442,-1.75431017,0.2,0.1,Estimated,Estimated using AADF from previous year on this link,47,122,26142,457,3642,393,70,49,15,81,60,668,31031
38665,2014,8,Yorkshire and The Humber,195,Bradford,A641,Major,A647,A6181,416284,432675,53.79015442,-1.75431017,0.2,0.1,Estimated,Estimated using AADF from previous year on this link,45,130,25871,485,4147,416,80,56,16,79,67,713,31346
38665,2015,8,Yorkshire and The Humber,195,Bradford,A641,Major,A647,A6181,416284,432675,53.79015442,-1.75431017,0.2,0.1,Counted,Manual count,48,125,26191,390,4105,623,62,56,50,87,68,946,31757
38665,2016,8,Yorkshire and The Humber,195,Bradford,A641,Major,A647,A6181,416284,432675,53.79015442,-1.75431017,0.2,0.1,Estimated,Estimated using AADF from previous year on this link,45,122,26599,361,4484,632,61,64,52,77,67,953,32520
38665,2017,8,Yorkshire and The Humber,195,Bradford,A641,Major,A647,A6181,416284,432675,53.79015442,-1.75431017,0.2,0.1,Estimated,Estimated using AADF from previous year on this link,43,124,26404,337,4721,627,62,65,54,77,70,955,32541
38665,2018,8,Yorkshire and The Humber,195,Bradford,A641,Major,A647,A6181,416284,432675,53.79015442,-1.75431017,0.2,0.1,Estimated,Estimated using AADF from previous year on this link,47,122,26113,306,4809,633,62,63,55,79,73,966,32316
38665,2019,8,Yorkshire and The Humber,195,Bradford,A641,Major,A647,A6181,416284,432675,53.79015442,-1.75431017,0.2,0.1,Estimated,Estimated using AADF from previous year on this link,52,115,26440,309,4767,625,63,64,56,81,73,963,32594
38665,2020,8,Yorkshire and The Humber,195,Bradford,A641,Major,A647,A6181,416284,432675,53.79015442,-1.75431017,0.2,0.1,Estimated,Estimated using AADF from previous year on this link,59,85,20083,195,4207,550,55,57,48,72,63,845,25416
38665,2021,8,Yorkshire and The Humber,195,Bradford,A641,Major,A647,A6181,416284,432675,53.79015442,-1.75431017,0.2,0.1,Estimated,Estimated using AADF from previous year on this link,49,90,22126,202,4586,588,59,62,52,77,68,906,27910
38665,2022,8,Yorkshire and The Humber,195,Bradford,A641,Major,A647,A6181,416284,432675,53.79015442,-1.75431017,0.2,0.1,Estimated,Estimated using AADF from previous year on this link,43,98,23633,217,4972,609,61,66,54,79,69,938,29858
38665,2023,8,Yorkshire and The Humber,195,Bradford,A641,Major,A647,A6181,416284,432675,53.79015442,-1.75431017,0.2,0.1,Counted,Manual count,55,34,24819,255,3160,537,99,121,9,33,200,999,29268
38665,2024,8,Yorkshire and The Humber,195,Bradford,A641,Major,A647,A6181,416284,432675,53.79015442,-1.75431017,0.2,0.1,Estimated,Estimated using AADF from previous year on this link,55,35,25196,256,3217,545,100,118,8,32,193,997,29700
38665,2025,8,Yorkshire and The Humber,195,Bradford,A641,Major,A647,A6181,416284,432675,53.79015442,-1.75431017,0.2,0.1,Estimated,Estimated using AADF from previous year on this link,55,36,25226,250,3283,539,100,121,8,31,190,990,29785
38746,2000,8,Yorkshire and The Humber,195,Bradford,A65,Major,A6034,Skipton Rd,406425,449968,53.94579341,-1.90360359,1.1,0.7,Estimated,Estimated using AADF from previous year on this link,2,54,6835,51,767,209,48,81,36,86,44,504,8211
38746,2001,8,Yorkshire and The Humber,195,Bradford,A65,Major,A6034,Skipton Rd,406425,449968,53.94579341,-1.90360359,1.1,0.7,Counted,Manual count,7,59,7172,67,770,220,52,39,30,94,34,469,8537
38746,2002,8,Yorkshire and The Humber,195,Bradford,A65,Major,A6034,Skipton Rd,406425,449968,53.94579341,-1.90360359,1.1,0.7,Estimated,Estimated using AADF from previous year on this link,7,59,7258,71,831,226,58,43,28,86,39,480,8699
38746,2003,8,Yorkshire and The Humber,195,Bradford,A65,Major,A6034,Skipton Rd,406425,449968,53.94579341,-1.90360359,1.1,0.7,Estimated,Estimated using AADF from previous year on this link,6,73,7323,73,936,222,60,47,26,75,42,472,8877
38746,2004,8,Yorkshire and The Humber,195,Bradford,A65,Major,A6034,Skipton Rd,406425,449968,53.94579341,-1.90360359,1.1,0.7,Estimated,Estimated using AADF from previous year on this link,5,75,7331,63,944,230,66,52,24,65,46,483,8896
38746,2005,8,Yorkshire and The Humber,195,Bradford,A65,Major,A6034,Skipton Rd,406425,449968,53.94579341,-1.90360359,1.1,0.7,Counted,Manual count,1,81,7606,62,874,165,39,73,54,54,54,439,9062
38746,2006,8,Yorkshire and The Humber,195,Bradford,A65,Major,A6034,Skipton Rd,406425,449968,53.94579341,-1.90360359,1.1,0.7,Estimated,Estimated using AADF from previous year on this link,1,69,7819,58,917,168,39,79,50,50,60,446,9309
38746,2007,8,Yorkshire and The Humber,195,Bradford,A65,Major,A6034,Skipton Rd,406425,449968,53.94579341,-1.90360359,1.1,0.7,Estimated,Estimated using AADF from previous year on this link,1,68,7615,63,1011,184,43,94,47,51,67,486,9243
38746,2008,8,Yorkshire and The Humber,195,Bradford,A65,Major,A6034,Skipton Rd,406425,449968,53.94579341,-1.90360359,1.1,0.7,Estimated,Estimated using AADF from previous year on this link,1,68,7333,69,1011,172,45,94,42,46,67,466,8947
38746,2009,8,Yorkshire and The Humber,195,Bradford,A65,Major,A6034,Skipton Rd,406425,449968,53.94579341,-1.90360359,1.1,0.7,Estimated,Estimated using AADF from previous year on this link,1,71,7245,69,1030,156,45,89,37,37,61,425,8840
38746,2010,8,Yorkshire and The Humber,195,Bradford,A65,Major,A6034,Skipton Rd,406425,449968,53.94579341,-1.90360359,1.1,0.7,Estimated,Estimated using AADF from previous year on this link,1,63,7107,71,1060,163,45,77,42,34,60,421,8722
38746,2011,8,Yorkshire and The Humber,195,Bradford,A65,Major,A6034,Skipton Rd,406425,449968,53.94579341,-1.90360359,1.1,0.7,Estimated,Estimated using AADF from previous year on this link,1,69,7129,74,1121,166,49,89,33,34,64,435,8828
38746,2012,8,Yorkshire and The Humber,195,Bradford,A65,Major,A6034,Skipton Rd,406425,449968,53.94579341,-1.90360359,1.1,0.7,Estimated,Estimated using AADF from previous year on this link,1,64,6929,73,1176,168,53,102,24,32,64,443,8684
38746,2013,8,Yorkshire and The Humber,195,Bradford,A65,Major,A6034,Skipton Rd,406425,449968,53.94579341,-1.90360359,1.1,0.7,Counted,Manual count,12,90,6774,48,865,94,35,49,32,28,44,282,8058
38746,2014,8,Yorkshire and The Humber,195,Bradford,A65,Major,A6034,Skipton Rd,406425,449968,53.94579341,-1.90360359,1.1,0.7,Estimated,Estimated using AADF from previous year on this link,10,93,6869,49,930,93,37,52,33,27,48,291,8231
38746,2015,8,Yorkshire and The Humber,195,Bradford,A65,Major,A6034,Skipton Rd,406425,449968,53.94579341,-1.90360359,1.1,0.7,Estimated,Estimated using AADF from previous year on this link,10,88,6787,50,995,93,41,52,41,27,49,302,8223
38746,2016,8,Yorkshire and The Humber,195,Bradford,A65,Major,A6034,Skipton Rd,406425,449968,53.94579341,-1.90360359,1.1,0.7,Estimated,Estimated using AADF from previous year on this link,10,89,6872,49,1075,98,39,60,42,25,50,314,8398
38746,2017,8,Yorkshire and The Humber,195,Bradford,A65,Major,A6034,Skipton Rd,406425,449968,53.94579341,-1.90360359,1.1,0.7,Estimated,Estimated using AADF from previous year on this link,10,86,6863,48,1137,101,40,62,43,25,52,323,8457
38746,2018,8,Yorkshire and The Humber,195,Bradford,A65,Major,A6034,Skipton Rd,406425,449968,53.94579341,-1.90360359,1.1,0.7,Estimated,Estimated using AADF from previous year on this link,9,84,6831,46,1191,102,41,66,43,25,53,330,8481
38746,2019,8,Yorkshire and The Humber,195,Bradford,A65,Major,A6034,Skipton Rd,406425,449968,53.94579341,-1.90360359,1.1,0.7,Estimated,Estimated using AADF from previous year on this link,11,90,6846,45,1187,101,43,68,43,25,52,333,8501
38746,2020,8,Yorkshire and The Humber,195,Bradford,A65,Major,A6034,Skipton Rd,406425,449968,53.94579341,-1.90360359,1.1,0.7,Estimated,Estimated using AADF from previous year on this link,15,67,4999,29,1016,91,37,60,39,23,47,297,6408
38746,2021,8,Yorkshire and The Humber,195,Bradford,A65,Major,A6034,Skipton Rd,406425,449968,53.94579341,-1.90360359,1.1,0.7,Counted,Manual count,9,80,6240,32,945,134,39,83,21,15,74,366,7663
38746,2022,8,Yorkshire and The Humber,195,Bradford,A65,Major,A6034,Skipton Rd,406425,449968,53.94579341,-1.90360359,1.1,0.7,Estimated,Estimated using AADF from previous year on this link,9,89,6698,34,1052,138,40,85,23,16,76,377,8250
38746,2023,8,Yorkshire and The Humber,195,Bradford,A65,Major,A6034,Skipton Rd,406425,449968,53.94579341,-1.90360359,1.1,0.7,Estimated,Estimated using AADF from previous year on this link,8,83,6864,34,1073,138,38,79,22,16,72,365,8418
38746,2024,8,Yorkshire and The Humber,195,Bradford,A65,Major,A6034,Skipton Rd,406425,449968,53.94579341,-1.90360359,1.1,0.7,Estimated,Estimated using AADF from previous year on this link,8,82,6946,34,1092,139,37,79,22,16,70,363,8517
38746,2025,8,Yorkshire and The Humber,195,Bradford,A65,Major,A6034,Skipton Rd,406425,449968,53.94579341,-1.90360359,1.1,0.7,Estimated,Estimated using AADF from previous year on this link,8,84,7020,34,1116,138,38,81,22,16,70,364,8618
46637,2000,8,Yorkshire and The Humber,195,Bradford,A65,Major,Main St roundabout,A6038,417140,445000,53.90090178,-1.74063418,2.1,1.3,Estimated,Estimated using AADF from previous year on this link,60,87,9348,103,942,246,29,50,27,20,8,380,10860
46637,2001,8,Yorkshire and The Humber,195,Bradford,A65,Major,Main St roundabout,A6038,417140,445000,53.90090178,-1.74063418,2.1,1.3,Counted,Manual count,45,97,9780,105,1166,207,29,20,21,24,15,316,11464
46637,2002,8,Yorkshire and The Humber,195,Bradford,A65,Major,Main St roundabout,A6038,417140,445000,53.90090178,-1.74063418,2.1,1.3,Estimated,Estimated using AADF from previous year on this link,48,95,9897,113,1258,213,32,22,20,22,17,326,11689
46637,2003,8,Yorkshire and The Humber,195,Bradford,A65,Major,Main St roundabout,A6038,417140,445000,53.90090178,-1.74063418,2.1,1.3,Estimated,Estimated using AADF from previous year on this link,41,116,9986,117,1418,209,34,24,19,20,18,324,11961
46637,2004,8,Yorkshire and The Humber,195,Bradford,A65,Major,Main St roundabout,A6038,417140,445000,53.90090178,-1.74063418,2.1,1.3,Counted,Manual count,63,69,10146,96,1150,207,38,37,13,28,18,341,11802
46637,2005,8,Yorkshire and The Humber,195,Bradford,A65,Major,Main St roundabout,A6038,417140,445000,53.90090178,-1.74063418,2.1,1.3,Estimated,Estimated using AADF from previous year on this link,66,63,10136,96,1208,203,36,38,11,24,20,332,11835
46637,2006,8,Yorkshire and The Humber,195,Bradford,A65,Major,Main St roundabout,A6038,417140,445000,53.90090178,-1.74063418,2.1,1.3,Estimated,Estimated using AADF from previous year on this link,63,53,10419,91,1267,207,36,40,11,23,22,339,12169
46637,2007,8,Yorkshire and The Humber,195,Bradford,A65,Major,Main St roundabout,A6038,417140,445000,53.90090178,-1.74063418,2.1,1.3,Estimated,Estimated using AADF from previous year on this link,64,53,10149,98,1398,225,40,49,10,23,24,371,12069
46637,2008,8,Yorkshire and The Humber,195,Bradford,A65,Major,Main St roundabout,A6038,417140,445000,53.90090178,-1.74063418,2.1,1.3,Counted,Manual count,79,81,9762,46,1328,141,33,51,6,9,6,246,11463
46637,2009,8,Yorkshire and The Humber,195,Bradford,A65,Major,Main St roundabout,A6038,417140,445000,53.90090178,-1.74063418,2.1,1.3,Estimated,Estimated using AADF from previous year on this link,90,85,9644,46,1354,128,33,48,5,8,6,228,11357
46637,2010,8,Yorkshire and The Humber,195,Bradford,A65,Major,Main St roundabout,A6038,417140,445000,53.90090178,-1.74063418,2.1,1.3,Estimated,Estimated using AADF from previous year on this link,92,75,9461,48,1393,133,33,41,5,8,6,226,11203
46637,2011,8,Yorkshire and The Humber,195,Bradford,A65,Major,Main St roundabout,A6038,417140,445000,53.90090178,-1.74063418,2.1,1.3,Estimated,Estimated using AADF from previous year on this link,81,82,9490,50,1474,135,36,47,4,8,6,236,11332
46637,2012,8,Yorkshire and The Humber,195,Bradford,A65,Major,Main St roundabout,A6038,417140,445000,53.90090178,-1.74063418,2.1,1.3,Counted,Manual count,143,115,10107,59,1183,173,22,22,3,6,7,233,11697
46637,2013,8,Yorkshire and The Humber,195,Bradford,A65,Major,Main St roundabout,A6038,417140,445000,53.90090178,-1.74063418,2.1,1.3,Estimated,Estimated using AADF from previous year on this link,142,116,9920,54,1270,172,24,25,3,6,7,235,11596
46637,2014,8,Yorkshire and The Humber,195,Bradford,A65,Major,Main St roundabout,A6038,417140,445000,53.90090178,-1.74063418,2.1,1.3,Estimated,Estimated using AADF from previous year on this link,113,120,10059,55,1365,171,25,26,3,5,8,238,11837
46637,2015,8,Yorkshire and The Humber,195,Bradford,A65,Major,Main St roundabout,A6038,417140,445000,53.90090178,-1.74063418,2.1,1.3,Estimated,Estimated using AADF from previous year on this link,113,115,9940,56,1461,171,27,26,3,5,8,241,11814
46637,2016,8,Yorkshire and The Humber,195,Bradford,A65,Major,Main St roundabout,A6038,417140,445000,53.90090178,-1.74063418,2.1,1.3,Estimated,Estimated using AADF from previous year on this link,112,115,10064,56,1578,180,26,30,3,5,8,252,12064
46637,2017,8,Yorkshire and The Humber,195,Bradford,A65,Major,Main St roundabout,A6038,417140,445000,53.90090178,-1.74063418,2.1,1.3,Estimated,Estimated using AADF from previous year on this link,107,116,9990,52,1661,178,27,31,4,5,8,253,12071
46637,2018,8,Yorkshire and The Humber,195,Bradford,A65,Major,Main St roundabout,A6038,417140,445000,53.90090178,-1.74063418,2.1,1.3,Counted,Manual count,116,67,8557,83,1296,118,22,34,5,10,2,191,10193
46637,2019,8,Yorkshire and The Humber,195,Bradford,A65,Major,Main St roundabout,A6038,417140,445000,53.90090178,-1.74063418,2.1,1.3,Estimated,Estimated using AADF from previous year on this link,127,62,8664,84,1284,116,23,34,5,10,2,190,10285
46637,2020,8,Yorkshire and The Humber,195,Bradford,A65,Major,Main St roundabout,A6038,417140,445000,53.90090178,-1.74063418,2.1,1.3,Estimated,Estimated using AADF from previous year on this link,145,46,6581,53,1134,102,20,30,4,9,2,168,7981
46637,2021,8,Yorkshire and The Humber,195,Bradford,A65,Major,Main St roundabout,A6038,417140,445000,53.90090178,-1.74063418,2.1,1.3,Estimated,Estimated using AADF from previous year on this link,118,49,7250,55,1236,109,21,33,5,10,2,180,8770
46637,2022,8,Yorkshire and The Humber,195,Bradford,A65,Major,Main St roundabout,A6038,417140,445000,53.90090178,-1.74063418,2.1,1.3,Estimated,Estimated using AADF from previous year on this link,106,53,7744,59,1340,113,22,35,5,10,2,187,9383
46637,2023,8,Yorkshire and The Humber,195,Bradford,A65,Major,Main St roundabout,A6038,417140,445000,53.90090178,-1.74063418,2.1,1.3,Estimated,Estimated using AADF from previous year on this link,104,53,7890,59,1362,112,21,35,5,10,2,185,9549
46637,2024,8,Yorkshire and The Humber,195,Bradford,A65,Major,Main St roundabout,A6038,417140,445000,53.90090178,-1.74063418,2.1,1.3,Estimated,Estimated using AADF from previous year on this link,105,54,8009,59,1387,114,22,34,5,9,2,185,9695
46637,2025,8,Yorkshire and The Humber,195,Bradford,A65,Major,Main St roundabout,A6038,417140,445000,53.90090178,-1.74063418,2.1,1.3,Estimated,Estimated using AADF from previous year on this link,106,55,8019,58,1415,112,22,35,5,9,2,185,9732
47402,2000,8,Yorkshire and The Humber,195,Bradford,A629,Major,Haincliffe Rd,A6035,405700,440000,53.85621128,-1.91483067,1.1,0.7,Counted,Manual count,53,189,12234,261,2448,372,83,107,59,165,40,826,15958
47402,2001,8,Yorkshire and The Humber,195,Bradford,A629,Major,Haincliffe Rd,A6035,405700,440000,53.85621128,-1.91483067,1.1,0.7,Estimated,Estimated using AADF from previous year on this link,51,198,11855,274,2466,355,93,105,47,131,42,773,15566
47402,2002,8,Yorkshire and The Humber,195,Bradford,A629,Major,Haincliffe Rd,A6035,405700,440000,53.85621128,-1.91483067,1.1,0.7,Counted,Manual count,35,158,12949,234,2692,420,99,103,74,112,84,892,16925
47402,2003,8,Yorkshire and The Humber,195,Bradford,A629,Major,Haincliffe Rd,A6035,405700,440000,53.85621128,-1.91483067,1.1,0.7,Estimated,Estimated using AADF from previous year on this link,31,225,12469,228,2924,407,101,108,71,100,93,880,16726
47402,2004,8,Yorkshire and The Humber,195,Bradford,A629,Major,Haincliffe Rd,A6035,405700,440000,53.85621128,-1.91483067,1.1,0.7,Estimated,Estimated using AADF from previous year on this link,26,148,12632,187,3219,495,131,145,72,94,109,1046,17232
47402,2005,8,Yorkshire and The Humber,195,Bradford,A629,Major,Haincliffe Rd,A6035,405700,440000,53.85621128,-1.91483067,1.1,0.7,Estimated,Estimated using AADF from previous year on this link,22,121,12051,176,3432,537,138,166,59,76,106,1082,16862
47402,2006,8,Yorkshire and The Humber,195,Bradford,A629,Major,Haincliffe Rd,A6035,405700,440000,53.85621128,-1.91483067,1.1,0.7,Estimated,Estimated using AADF from previous year on this link,33,106,11822,164,3483,517,129,168,47,60,102,1023,16598
47402,2007,8,Yorkshire and The Humber,195,Bradford,A629,Major,Haincliffe Rd,A6035,405700,440000,53.85621128,-1.91483067,1.1,0.7,Estimated,Estimated using AADF from previous year on this link,21,101,11633,149,3668,482,120,173,37,52,96,960,16511
47402,2008,8,Yorkshire and The Humber,195,Bradford,A629,Major,Haincliffe Rd,A6035,405700,440000,53.85621128,-1.91483067,1.1,0.7,Estimated,Estimated using AADF from previous year on this link,24,96,11377,129,3745,480,135,183,32,46,93,969,16316
47402,2009,8,Yorkshire and The Humber,195,Bradford,A629,Major,Haincliffe Rd,A6035,405700,440000,53.85621128,-1.91483067,1.1,0.7,Counted,Manual count,68,81,13792,203,2327,332,56,55,41,64,49,597,17000
47402,2010,8,Yorkshire and The Humber,195,Bradford,A629,Major,Haincliffe Rd,A6035,405700,440000,53.85621128,-1.91483067,1.1,0.7,Estimated,Estimated using AADF from previous year on this link,68,77,13709,230,2485,353,56,48,48,61,49,615,17116
47402,2011,8,Yorkshire and The Humber,195,Bradford,A629,Major,Haincliffe Rd,A6035,405700,440000,53.85621128,-1.91483067,1.1,0.7,Estimated,Estimated using AADF from previous year on this link,75,65,13668,217,2774,358,61,55,39,63,55,631,17355
47402,2012,8,Yorkshire and The Humber,195,Bradford,A629,Major,Haincliffe Rd,A6035,405700,440000,53.85621128,-1.91483067,1.1,0.7,Estimated,Estimated using AADF from previous year on this link,71,62,13455,236,2807,362,66,63,27,56,52,627,17187
47402,2013,8,Yorkshire and The Humber,195,Bradford,A629,Major,Haincliffe Rd,A6035,405700,440000,53.85621128,-1.91483067,1.1,0.7,Estimated,Estimated using AADF from previous year on this link,70,69,13336,247,2917,365,72,71,20,53,53,635,17204
47402,2014,8,Yorkshire and The Humber,195,Bradford,A629,Major,Haincliffe Rd,A6035,405700,440000,53.85621128,-1.91483067,1.1,0.7,Estimated,Estimated using AADF from previous year on this link,68,66,13698,237,3120,374,80,78,18,44,50,644,17765
47402,2015,8,Yorkshire and The Humber,195,Bradford,A629,Major,Haincliffe Rd,A6035,405700,440000,53.85621128,-1.91483067,1.1,0.7,Estimated,Estimated using AADF from previous year on this link,63,58,13969,256,3272,355,82,74,21,42,48,622,18177
47402,2016,8,Yorkshire and The Humber,195,Bradford,A629,Major,Haincliffe Rd,A6035,405700,440000,53.85621128,-1.91483067,1.1,0.7,Estimated,Estimated using AADF from previous year on this link,59,57,14187,237,3574,360,81,83,22,37,48,631,18686
47402,2017,8,Yorkshire and The Humber,195,Bradford,A629,Major,Haincliffe Rd,A6035,405700,440000,53.85621128,-1.91483067,1.1,0.7,Counted,Manual count,94,128,14300,186,2477,257,69,63,59,84,60,591,17682
47402,2018,8,Yorkshire and The Humber,195,Bradford,A629,Major,Haincliffe Rd,A6035,405700,440000,53.85621128,-1.91483067,1.1,0.7,Estimated,Estimated using AADF from previous year on this link,104,126,14142,169,2524,260,68,61,60,86,63,598,17559
47402,2019,8,Yorkshire and The Humber,195,Bradford,A629,Major,Haincliffe Rd,A6035,405700,440000,53.85621128,-1.91483067,1.1,0.7,Estimated,Estimated using AADF from previous year on this link,114,119,14319,170,2502,256,69,62,61,89,63,600,17710
47402,2020,8,Yorkshire and The Humber,195,Bradford,A629,Major,Haincliffe Rd,A6035,405700,440000,53.85621128,-1.91483067,1.1,0.7,Estimated,Estimated using AADF from previous year on this link,131,88,10877,108,2208,225,60,55,53,79,55,527,13807
47402,2021,8,Yorkshire and The Humber,195,Bradford,A629,Major,Haincliffe Rd,A6035,405700,440000,53.85621128,-1.91483067,1.1,0.7,Estimated,Estimated using AADF from previous year on this link,107,93,11983,111,2407,241,65,60,57,84,59,565,15159
47402,2022,8,Yorkshire and The Humber,195,Bradford,A629,Major,Haincliffe Rd,A6035,405700,440000,53.85621128,-1.91483067,1.1,0.7,Estimated,Estimated using AADF from previous year on this link,96,101,12799,119,2609,250,67,64,59,86,60,585,16214
47402,2023,8,Yorkshire and The Humber,195,Bradford,A629,Major,Haincliffe Rd,A6035,405700,440000,53.85621128,-1.91483067,1.1,0.7,Estimated,Estimated using AADF from previous year on this link,94,100,13040,121,2653,246,66,63,59,84,58,576,16490
47402,2024,8,Yorkshire and The Humber,195,Bradford,A629,Major,Haincliffe Rd,A6035,405700,440000,53.85621128,-1.91483067,1.1,0.7,Estimated,Estimated using AADF from previous year on this link,95,103,13237,121,2701,250,66,62,58,81,56,573,16735
47402,2025,8,Yorkshire and The Humber,195,Bradford,A629,Major,Haincliffe Rd,A6035,405700,440000,53.85621128,-1.91483067,1.1,0.7,Counted,Manual count,120,144,13133,129,2349,183,24,49,30,62,30,379,16134
47428,2000,8,Yorkshire and The Humber,195,Bradford,A641,Major,A6036,A6177,415760,430200,53.76792547,-1.76238914,0.9,0.6,Estimated,Estimated using AADF from previous year on this link,69,118,28216,443,3747,887,107,64,50,64,48,1220,33744
47428,2001,8,Yorkshire and The Humber,195,Bradford,A641,Major,A6036,A6177,415760,430200,53.76792547,-1.76238914,0.9,0.6,Estimated,Estimated using AADF from previous year on this link,66,122,28780,451,3732,870,123,64,44,54,54,1209,34294
47428,2002,8,Yorkshire and The Humber,195,Bradford,A641,Major,A6036,A6177,415760,430200,53.76792547,-1.76238914,0.9,0.6,Counted,Manual count,24,209,24980,572,3244,584,84,84,38,72,38,900,29905
47428,2003,8,Yorkshire and The Humber,195,Bradford,A641,Major,A6036,A6177,415760,430200,53.76792547,-1.76238914,0.9,0.6,Estimated,Estimated using AADF from previous year on this link,22,234,24630,511,3536,626,95,99,36,64,41,961,29872
47428,2004,8,Yorkshire and The Humber,195,Bradford,A641,Major,A6036,A6177,415760,430200,53.76792547,-1.76238914,0.9,0.6,Estimated,Estimated using AADF from previous year on this link,18,207,24679,475,3504,629,101,108,35,57,46,976,29841
47428,2005,8,Yorkshire and The Humber,195,Bradford,A641,Major,A6036,A6177,415760,430200,53.76792547,-1.76238914,0.9,0.6,Estimated,Estimated using AADF from previous year on this link,14,209,24062,468,3596,605,95,109,30,49,48,936,29271
47428,2006,8,Yorkshire and The Humber,195,Bradford,A641,Major,A6036,A6177,415760,430200,53.76792547,-1.76238914,0.9,0.6,Counted,Manual count,69,203,24154,810,3646,418,91,61,23,70,42,705,29518
47428,2007,8,Yorkshire and The Humber,195,Bradford,A641,Major,A6036,A6177,415760,430200,53.76792547,-1.76238914,0.9,0.6,Estimated,Estimated using AADF from previous year on this link,43,205,23018,779,3977,413,90,66,20,66,43,698,28677
47428,2008,8,Yorkshire and The Humber,195,Bradford,A641,Major,A6036,A6177,415760,430200,53.76792547,-1.76238914,0.9,0.6,Estimated,Estimated using AADF from previous year on this link,48,192,22581,787,4164,396,98,68,18,58,41,679,28403
47428,2009,8,Yorkshire and The Humber,195,Bradford,A641,Major,A6036,A6177,415760,430200,53.76792547,-1.76238914,0.9,0.6,Counted,Manual count,107,237,25146,683,3220,390,59,41,28,39,21,578,29864
47428,2010,8,Yorkshire and The Humber,195,Bradford,A641,Major,A6036,A6177,415760,430200,53.76792547,-1.76238914,0.9,0.6,Estimated,Estimated using AADF from previous year on this link,107,219,24618,718,3236,387,56,34,30,34,19,560,29351
47428,2011,8,Yorkshire and The Humber,195,Bradford,A641,Major,A6036,A6177,415760,430200,53.76792547,-1.76238914,0.9,0.6,Estimated,Estimated using AADF from previous year on this link,118,232,24495,718,3337,385,60,38,23,34,20,560,29342
47428,2012,8,Yorkshire and The Humber,195,Bradford,A641,Major,A6036,A6177,415760,430200,53.76792547,-1.76238914,0.9,0.6,Estimated,Estimated using AADF from previous year on this link,112,209,24391,772,3205,340,57,38,17,32,20,504,29080
47428,2013,8,Yorkshire and The Humber,195,Bradford,A641,Major,A6036,A6177,415760,430200,53.76792547,-1.76238914,0.9,0.6,Counted,Manual count,97,167,23924,643,3077,384,53,59,12,49,26,583,28395
47428,2014,8,Yorkshire and The Humber,195,Bradford,A641,Major,A6036,A6177,415760,430200,53.76792547,-1.76238914,0.9,0.6,Estimated,Estimated using AADF from previous year on this link,94,178,23676,683,3504,406,60,66,13,48,30,623,28664
47428,2015,8,Yorkshire and The Humber,195,Bradford,A641,Major,A6036,A6177,415760,430200,53.76792547,-1.76238914,0.9,0.6,Estimated,Estimated using AADF from previous year on this link,87,181,23242,677,3685,395,64,64,16,47,29,615,28400
47428,2016,8,Yorkshire and The Humber,195,Bradford,A641,Major,A6036,A6177,415760,430200,53.76792547,-1.76238914,0.9,0.6,Estimated,Estimated using AADF from previous year on this link,81,177,23604,627,4026,401,63,73,17,42,29,623,29057
47428,2017,8,Yorkshire and The Humber,195,Bradford,A641,Major,A6036,A6177,415760,430200,53.76792547,-1.76238914,0.9,0.6,Counted,Manual count,101,150,21577,625,2946,323,55,27,17,40,24,486,25784
47428,2018,8,Yorkshire and The Humber,195,Bradford,A641,Major,A6036,A6177,415760,430200,53.76792547,-1.76238914,0.9,0.6,Estimated,Estimated using AADF from previous year on this link,111,149,21339,567,3001,326,55,26,17,41,26,491,25546
47428,2019,8,Yorkshire and The Humber,195,Bradford,A641,Major,A6036,A6177,415760,430200,53.76792547,-1.76238914,0.9,0.6,Estimated,Estimated using AADF from previous year on this link,122,139,21607,573,2975,322,56,26,17,43,26,489,25783
47428,2020,8,Yorkshire and The Humber,195,Bradford,A641,Major,A6036,A6177,415760,430200,53.76792547,-1.76238914,0.9,0.6,Estimated,Estimated using AADF from previous year on this link,140,103,16412,362,2625,283,48,23,15,38,22,430,19932
47428,2021,8,Yorkshire and The Humber,195,Bradford,A641,Major,A6036,A6177,415760,430200,53.76792547,-1.76238914,0.9,0.6,Counted,Manual count,124,117,18261,559,2844,368,66,27,7,29,51,548,22329
47428,2022,8,Yorkshire and The Humber,195,Bradford,A641,Major,A6036,A6177,415760,430200,53.76792547,-1.76238914,0.9,0.6,Estimated,Estimated using AADF from previous year on this link,111,128,19505,601,3083,381,68,29,7,30,52,567,23883
47428,2023,8,Yorkshire and The Humber,195,Bradford,A641,Major,A6036,A6177,415760,430200,53.76792547,-1.76238914,0.9,0.6,Estimated,Estimated using AADF from previous year on this link,109,126,19872,606,3136,376,67,28,7,29,50,558,24297
47428,2024,8,Yorkshire and The Humber,195,Bradford,A641,Major,A6036,A6177,415760,430200,53.76792547,-1.76238914,0.9,0.6,Estimated,Estimated using AADF from previous year on this link,110,130,20173,609,3192,382,67,27,7,28,49,560,24664
47428,2025,8,Yorkshire and The Humber,195,Bradford,A641,Major,A6036,A6177,415760,430200,53.76792547,-1.76238914,0.9,0.6,Counted,Manual count,87,86,20660,444,2788,171,41,63,17,20,58,371,24349
47440,2000,8,Yorkshire and The Humber,195,Bradford,A650,Major,B6265,B6146,410000,440850,53.86378703,-1.84943149,4.5,2.8,Counted,Manual count,136,314,21215,343,3447,623,128,96,168,209,100,1324,26643
47440,2001,8,Yorkshire and The Humber,195,Bradford,A650,Major,B6265,B6146,410000,440850,53.86378703,-1.84943149,4.5,2.8,Counted,Manual count,112,243,20728,256,3248,838,97,77,121,185,115,1433,25908
47440,2002,8,Yorkshire and The Humber,195,Bradford,A650,Major,B6265,B6146,410000,440850,53.86378703,-1.84943149,4.5,2.8,Counted,Manual count,109,272,20587,260,2804,742,150,121,112,233,119,1477,25400
47440,2003,8,Yorkshire and The Humber,195,Bradford,A650,Major,B6265,B6146,410000,440850,53.86378703,-1.84943149,4.5,2.8,Counted,Manual count,188,267,20373,264,2771,701,100,102,112,222,101,1338,25013
47440,2004,8,Yorkshire and The Humber,195,Bradford,A650,Major,B6265,B6146,410000,440850,53.86378703,-1.84943149,4.5,2.8,Counted,Manual count,64,137,10147,214,1235,187,18,24,20,26,14,289,12022
47441,2000,8,Yorkshire and The Humber,195,Bradford,A650,Major,A647,A6177,417550,432000,53.78404685,-1.73513208,2.1,1.3,Estimated,Estimated using AADF from previous year on this link,31,185,29006,618,4863,1195,96,67,167,348,219,2092,36764
47441,2001,8,Yorkshire and The Humber,195,Bradford,A650,Major,A647,A6177,417550,432000,53.78404685,-1.73513208,2.1,1.3,Counted,Manual count,32,207,29750,838,5735,1191,158,100,238,393,196,2276,38806
47441,2002,8,Yorkshire and The Humber,195,Bradford,A650,Major,A647,A6177,417550,432000,53.78404685,-1.73513208,2.1,1.3,Estimated,Estimated using AADF from previous year on this link,33,209,29690,857,5747,1147,164,104,216,342,215,2188,38691
47441,2003,8,Yorkshire and The Humber,195,Bradford,A650,Major,A647,A6177,417550,432000,53.78404685,-1.73513208,2.1,1.3,Counted,Manual count,56,287,32346,609,5439,1585,175,160,155,457,222,2754,41435
47441,2004,8,Yorkshire and The Humber,195,Bradford,A650,Major,A647,A6177,417550,432000,53.78404685,-1.73513208,2.1,1.3,Counted,Manual count,60,299,32643,699,6262,1198,144,133,183,503,298,2459,42362
47441,2005,8,Yorkshire and The Humber,195,Bradford,A650,Major,A647,A6177,417550,432000,53.78404685,-1.73513208,2.1,1.3,Counted,Manual count,35,326,30101,671,5391,1172,149,121,146,445,285,2318,38807
47441,2006,8,Yorkshire and The Humber,195,Bradford,A650,Major,A647,A6177,417550,432000,53.78404685,-1.73513208,2.1,1.3,Counted,Manual count,44,288,31734,651,6033,1113,154,137,158,454,219,2235,40941
47441,2007,8,Yorkshire and The Humber,195,Bradford,A650,Major,A647,A6177,417550,432000,53.78404685,-1.73513208,2.1,1.3,Counted,Manual count,29,225,30440,691,5647,1062,152,197,149,457,246,2263,39266
47441,2008,8,Yorkshire and The Humber,195,Bradford,A650,Major,A647,A6177,417550,432000,53.78404685,-1.73513208,2.1,1.3,Counted,Manual count,29,207,30676,527,5466,964,145,176,138,418,287,2128,39004
47441,2009,8,Yorkshire and The Humber,195,Bradford,A650,Major,A647,A6177,417550,432000,53.78404685,-1.73513208,2.1,1.3,Counted,Manual count,89,251,30560,578,5540,996,196,240,151,423,253,2259,39188
47441,2010,8,Yorkshire and The Humber,195,Bradford,A650,Major,A647,A6177,417550,432000,53.78404685,-1.73513208,2.1,1.3,Counted,Manual count,34,259,30653,543,5766,836,192,164,119,387,302,2000,39221
47441,2011,8,Yorkshire and The Humber,195,Bradford,A650,Major,A647,A6177,417550,432000,53.78404685,-1.73513208,2.1,1.3,Counted,Manual count,56,335,29655,582,6301,1047,172,221,133,388,281,2242,39115
47441,2012,8,Yorkshire and The Humber,195,Bradford,A650,Major,A647,A6177,417550,432000,53.78404685,-1.73513208,2.1,1.3,Estimated,Estimated using AADF from previous year on this link,53,302,29529,625,6051,926,164,220,97,360,279,2045,38554
47441,2013,8,Yorkshire and The Humber,195,Bradford,A650,Major,A647,A6177,417550,432000,53.78404685,-1.73513208,2.1,1.3,Counted,Manual count,72,287,27439,473,5455,870,179,194,114,359,290,2005,35659
47441,2014,8,Yorkshire and The Humber,195,Bradford,A650,Major,A647,A6177,417550,432000,53.78404685,-1.73513208,2.1,1.3,Estimated,Estimated using AADF from previous year on this link,70,305,27154,502,6212,919,204,219,121,351,327,2141,36315
47441,2015,8,Yorkshire and The Humber,195,Bradford,A650,Major,A647,A6177,417550,432000,53.78404685,-1.73513208,2.1,1.3,Estimated,Estimated using AADF from previous year on this link,65,311,26656,498,6534,894,215,213,148,346,323,2138,36136
47441,2016,8,Yorkshire and The Humber,195,Bradford,A650,Major,A647,A6177,417550,432000,53.78404685,-1.73513208,2.1,1.3,Estimated,Estimated using AADF from previous year on this link,60,304,27072,462,7137,907,213,240,153,307,318,2137,37112
47441,2017,8,Yorkshire and The Humber,195,Bradford,A650,Major,A647,A6177,417550,432000,53.78404685,-1.73513208,2.1,1.3,Counted,Manual count,49,182,27850,512,5721,1128,146,175,130,358,268,2205,36471
47441,2018,8,Yorkshire and The Humber,195,Bradford,A650,Major,A647,A6177,417550,432000,53.78404685,-1.73513208,2.1,1.3,Estimated,Estimated using AADF from previous year on this link,54,180,27543,465,5828,1139,145,170,132,370,280,2236,36252
47441,2019,8,Yorkshire and The Humber,195,Bradford,A650,Major,A647,A6177,417550,432000,53.78404685,-1.73513208,2.1,1.3,Estimated,Estimated using AADF from previous year on this link,60,169,27889,470,5777,1125,147,171,135,380,280,2239,36544
47441,2020,8,Yorkshire and The Humber,195,Bradford,A650,Major,A647,A6177,417550,432000,53.78404685,-1.73513208,2.1,1.3,Counted,Manual count,32,89,24306,484,5294,967,175,133,84,102,594,2055,32228
47441,2021,8,Yorkshire and The Humber,195,Bradford,A650,Major,A647,A6177,417550,432000,53.78404685,-1.73513208,2.1,1.3,Estimated,Estimated using AADF from previous year on this link,27,95,26778,499,5772,1035,188,145,90,109,636,2203,35347
47441,2022,8,Yorkshire and The Humber,195,Bradford,A650,Major,A647,A6177,417550,432000,53.78404685,-1.73513208,2.1,1.3,Counted,Manual count,82,178,29014,358,5470,1009,161,195,111,279,446,2202,37222
47441,2023,8,Yorkshire and The Humber,195,Bradford,A650,Major,A647,A6177,417550,432000,53.78404685,-1.73513208,2.1,1.3,Estimated,Estimated using AADF from previous year on this link,81,175,29560,362,5563,996,158,193,112,272,429,2160,37819
47441,2024,8,Yorkshire and The Humber,195,Bradford,A650,Major,A647,A6177,417550,432000,53.78404685,-1.73513208,2.1,1.3,Estimated,Estimated using AADF from previous year on this link,82,181,30008,363,5662,1011,159,188,109,263,415,2146,38360
47441,2025,8,Yorkshire and The Humber,195,Bradford,A650,Major,A647,A6177,417550,432000,53.78404685,-1.73513208,2.1,1.3,Estimated,Estimated using AADF from previous year on this link,82,184,30044,355,5778,1001,159,193,111,257,407,2129,38490
47450,2000,8,Yorkshire and The Humber,195,Bradford,A658,Major,A657,LA Boundary,420000,439000,53.84687369,-1.69749846,2.8,1.7,Estimated,Estimated using AADF from previous year on this link,25,164,21574,115,2183,127,34,40,52,76,44,373,24409
47450,2001,8,Yorkshire and The Humber,195,Bradford,A658,Major,A657,LA Boundary,420000,439000,53.84687369,-1.69749846,2.8,1.7,Counted,Manual count,42,217,21358,117,2489,274,57,87,55,86,35,594,24775
47450,2002,8,Yorkshire and The Humber,195,Bradford,A658,Major,A657,LA Boundary,420000,439000,53.84687369,-1.69749846,2.8,1.7,Counted,Manual count,35,213,22767,95,2519,281,50,36,101,69,51,588,26182
47450,2003,8,Yorkshire and The Humber,195,Bradford,A658,Major,A657,LA Boundary,420000,439000,53.84687369,-1.69749846,2.8,1.7,Counted,Manual count,26,185,20492,106,2525,278,68,91,62,106,49,654,23962
47450,2004,8,Yorkshire and The Humber,195,Bradford,A658,Major,A657,LA Boundary,420000,439000,53.84687369,-1.69749846,2.8,1.7,Estimated,Estimated using AADF from previous year on this link,25,189,20840,88,2809,297,76,105,59,94,55,686,24612
47450,2005,8,Yorkshire and The Humber,195,Bradford,A658,Major,A657,LA Boundary,420000,439000,53.84687369,-1.69749846,2.8,1.7,Counted,Manual count,14,80,21282,59,2770,282,45,77,64,105,50,623,24814
47450,2006,8,Yorkshire and The Humber,195,Bradford,A658,Major,A657,LA Boundary,420000,439000,53.84687369,-1.69749846,2.8,1.7,Estimated,Estimated using AADF from previous year on this link,14,87,21644,56,2903,291,45,84,59,94,54,627,25317
47450,2007,8,Yorkshire and The Humber,195,Bradford,A658,Major,A657,LA Boundary,420000,439000,53.84687369,-1.69749846,2.8,1.7,Estimated,Estimated using AADF from previous year on this link,14,87,21493,53,3216,296,46,93,51,91,57,634,25483
47450,2008,8,Yorkshire and The Humber,195,Bradford,A658,Major,A657,LA Boundary,420000,439000,53.84687369,-1.69749846,2.8,1.7,Counted,Manual count,41,180,22147,121,2799,326,76,90,32,72,61,657,25904
47450,2009,8,Yorkshire and The Humber,195,Bradford,A658,Major,A657,LA Boundary,420000,439000,53.84687369,-1.69749846,2.8,1.7,Counted,Manual count,28,154,20771,107,2348,175,52,57,21,87,60,452,23832
47450,2010,8,Yorkshire and The Humber,195,Bradford,A658,Major,A657,LA Boundary,420000,439000,53.84687369,-1.69749846,2.8,1.7,Counted,Manual count,44,78,20443,105,2674,230,52,38,39,123,56,538,23838
47452,2000,8,Yorkshire and The Humber,195,Bradford,A660,Major,LA Boundary,A65,417990,445980,53.90968127,-1.72764149,0.7,0.4,Estimated,Estimated using AADF from previous year on this link,98,196,12863,210,1409,166,40,44,30,48,35,363,15041
47452,2001,8,Yorkshire and The Humber,195,Bradford,A660,Major,LA Boundary,A65,417990,445980,53.90968127,-1.72764149,0.7,0.4,Counted,Manual count,83,118,13956,66,1409,169,72,79,44,70,31,465,16014
47452,2002,8,Yorkshire and The Humber,195,Bradford,A660,Major,LA Boundary,A65,417990,445980,53.90968127,-1.72764149,0.7,0.4,Estimated,Estimated using AADF from previous year on this link,89,120,14360,68,1420,174,80,88,41,63,35,481,16449
47452,2003,8,Yorkshire and The Humber,195,Bradford,A660,Major,LA Boundary,A65,417990,445980,53.90968127,-1.72764149,0.7,0.4,Estimated,Estimated using AADF from previous year on this link,74,130,14676,68,1572,181,88,100,39,56,39,503,16949
47452,2004,8,Yorkshire and The Humber,195,Bradford,A660,Major,LA Boundary,A65,417990,445980,53.90968127,-1.72764149,0.7,0.4,Estimated,Estimated using AADF from previous year on this link,73,132,14925,55,1750,193,100,116,37,51,43,540,17402
47452,2005,8,Yorkshire and The Humber,195,Bradford,A660,Major,LA Boundary,A65,417990,445980,53.90968127,-1.72764149,0.7,0.4,Estimated,Estimated using AADF from previous year on this link,76,127,14821,53,1830,195,98,124,34,44,46,541,17372
47452,2006,8,Yorkshire and The Humber,195,Bradford,A660,Major,LA Boundary,A65,417990,445980,53.90968127,-1.72764149,0.7,0.4,Estimated,Estimated using AADF from previous year on this link,73,138,15073,51,1918,200,98,135,31,39,50,553,17733
47452,2007,8,Yorkshire and The Humber,195,Bradford,A660,Major,LA Boundary,A65,417990,445980,53.90968127,-1.72764149,0.7,0.4,Estimated,Estimated using AADF from previous year on this link,74,139,14967,49,2125,204,100,150,27,38,52,571,17851
47452,2008,8,Yorkshire and The Humber,195,Bradford,A660,Major,LA Boundary,A65,417990,445980,53.90968127,-1.72764149,0.7,0.4,Counted,Manual count,36,56,12376,83,1474,174,43,72,34,44,80,447,14436
47452,2009,8,Yorkshire and The Humber,195,Bradford,A660,Major,LA Boundary,A65,417990,445980,53.90968127,-1.72764149,0.7,0.4,Estimated,Estimated using AADF from previous year on this link,41,58,12216,87,1522,161,43,69,31,38,77,419,14302
47452,2010,8,Yorkshire and The Humber,195,Bradford,A660,Major,LA Boundary,A65,417990,445980,53.90968127,-1.72764149,0.7,0.4,Counted,Manual count,62,95,13301,70,1616,167,36,53,21,36,64,377,15459
47452,2011,8,Yorkshire and The Humber,195,Bradford,A660,Major,LA Boundary,A65,417990,445980,53.90968127,-1.72764149,0.7,0.4,Estimated,Estimated using AADF from previous year on this link,54,93,13221,70,1653,164,38,58,16,35,67,378,15415
47452,2012,8,Yorkshire and The Humber,195,Bradford,A660,Major,LA Boundary,A65,417990,445980,53.90968127,-1.72764149,0.7,0.4,Estimated,Estimated using AADF from previous year on this link,50,90,13126,71,1721,163,41,65,12,34,70,385,15394
47452,2013,8,Yorkshire and The Humber,195,Bradford,A660,Major,LA Boundary,A65,417990,445980,53.90968127,-1.72764149,0.7,0.4,Estimated,Estimated using AADF from previous year on this link,50,95,12969,73,1828,166,45,74,9,34,74,402,15368
47452,2014,8,Yorkshire and The Humber,195,Bradford,A660,Major,LA Boundary,A65,417990,445980,53.90968127,-1.72764149,0.7,0.4,Estimated,Estimated using AADF from previous year on this link,40,98,13268,83,1962,158,46,76,10,31,79,401,15811
47452,2015,8,Yorkshire and The Humber,195,Bradford,A660,Major,LA Boundary,A65,417990,445980,53.90968127,-1.72764149,0.7,0.4,Counted,Manual count,53,57,13643,79,1692,202,39,56,38,85,97,517,15989
47452,2016,8,Yorkshire and The Humber,195,Bradford,A660,Major,LA Boundary,A65,417990,445980,53.90968127,-1.72764149,0.7,0.4,Estimated,Estimated using AADF from previous year on this link,53,57,13812,78,1827,212,37,65,40,79,100,532,16308
47452,2017,8,Yorkshire and The Humber,195,Bradford,A660,Major,LA Boundary,A65,417990,445980,53.90968127,-1.72764149,0.7,0.4,Estimated,Estimated using AADF from previous year on this link,53,56,13796,76,1934,218,38,67,40,79,103,546,16407
47452,2018,8,Yorkshire and The Humber,195,Bradford,A660,Major,LA Boundary,A65,417990,445980,53.90968127,-1.72764149,0.7,0.4,Estimated,Estimated using AADF from previous year on this link,52,54,13730,72,2025,221,39,71,40,79,105,556,16438
47452,2019,8,Yorkshire and The Humber,195,Bradford,A660,Major,LA Boundary,A65,418008,445969,53.90958178,-1.72736814,0.7,0.4,Counted,Manual count,89,106,12857,82,2012,136,38,45,20,51,63,353,15410
47452,2020,8,Yorkshire and The Humber,195,Bradford,A660,Major,LA Boundary,A65,418008,445969,53.90958178,-1.72736814,0.7,0.4,Estimated,Estimated using AADF from previous year on this link,113,79,9389,53,1722,122,33,40,18,47,56,316,11558
47452,2021,8,Yorkshire and The Humber,195,Bradford,A660,Major,LA Boundary,A65,418008,445969,53.90958178,-1.72736814,0.7,0.4,Estimated,Estimated using AADF from previous year on this link,85,82,10267,62,1972,133,35,43,19,49,59,339,12722
47452,2022,8,Yorkshire and The Humber,195,Bradford,A660,Major,LA Boundary,A65,418008,445969,53.90958178,-1.72736814,0.7,0.4,Estimated,Estimated using AADF from previous year on this link,83,91,11020,66,2196,137,37,45,20,50,61,349,13722
47452,2023,8,Yorkshire and The Humber,195,Bradford,A660,Major,LA Boundary,A65,418008,445969,53.90958178,-1.72736814,0.7,0.4,Counted,Manual count,104,114,12938,72,2069,148,46,55,14,25,51,338,15530
47452,2024,8,Yorkshire and The Humber,195,Bradford,A660,Major,LA Boundary,A65,418008,445969,53.90958178,-1.72736814,0.7,0.4,Estimated,Estimated using AADF from previous year on this link,100,112,13093,72,2105,148,46,55,14,24,50,337,15720
47452,2025,8,Yorkshire and The Humber,195,Bradford,A660,Major,LA Boundary,A65,418008,445969,53.90958178,-1.72736814,0.7,0.4,Estimated,Estimated using AADF from previous year on this link,104,116,13233,71,2150,148,46,56,14,24,50,337,15908
47807,2000,8,Yorkshire and The Humber,195,Bradford,A6036,Major,A641,M606,416000,429960,53.76576113,-1.75876054,0.9,0.6,Counted,Manual count,50,205,19221,154,2769,468,96,88,45,113,70,880,23229
47807,2001,8,Yorkshire and The Humber,195,Bradford,A6036,Major,A641,M606,416000,429960,53.76576113,-1.75876054,0.9,0.6,Estimated,Estimated using AADF from previous year on this link,48,213,19605,157,2758,459,110,88,40,97,79,873,23606
47807,2002,8,Yorkshire and The Humber,195,Bradford,A6036,Major,A641,M606,416000,429960,53.76576113,-1.75876054,0.9,0.6,Estimated,Estimated using AADF from previous year on this link,50,215,19566,161,2764,442,114,92,36,84,86,854,23560
47807,2003,8,Yorkshire and The Humber,195,Bradford,A6036,Major,A641,M606,416000,429960,53.76576113,-1.75876054,0.9,0.6,Estimated,Estimated using AADF from previous year on this link,44,242,19293,144,3013,474,129,108,34,74,95,914,23606
47807,2004,8,Yorkshire and The Humber,195,Bradford,A6036,Major,A641,M606,416000,429960,53.76576113,-1.75876054,0.9,0.6,Estimated,Estimated using AADF from previous year on this link,36,213,19331,133,2986,476,137,118,33,66,103,933,23596
47807,2005,8,Yorkshire and The Humber,195,Bradford,A6036,Major,A641,M606,416000,429960,53.76576113,-1.75876054,0.9,0.6,Estimated,Estimated using AADF from previous year on this link,30,215,18848,131,3064,458,128,120,29,57,109,901,23159
47807,2006,8,Yorkshire and The Humber,195,Bradford,A6036,Major,A641,M606,416000,429960,53.76576113,-1.75876054,0.9,0.6,Estimated,Estimated using AADF from previous year on this link,48,223,18904,130,3113,468,128,130,26,51,118,921,23291
47807,2007,8,Yorkshire and The Humber,195,Bradford,A6036,Major,A641,M606,416000,429960,53.76576113,-1.75876054,0.9,0.6,Counted,Manual count,72,266,23110,158,3462,582,69,85,32,124,65,957,27953
47807,2008,8,Yorkshire and The Humber,195,Bradford,A6036,Major,A641,M606,416000,429960,53.76576113,-1.75876054,0.9,0.6,Estimated,Estimated using AADF from previous year on this link,81,248,22671,160,3625,559,75,87,27,109,63,920,27624
47807,2009,8,Yorkshire and The Humber,195,Bradford,A6036,Major,A641,M606,416000,429960,53.76576113,-1.75876054,0.9,0.6,Estimated,Estimated using AADF from previous year on this link,81,234,22308,156,3925,539,78,87,26,96,63,889,27512
47807,2010,8,Yorkshire and The Humber,195,Bradford,A6036,Major,A641,M606,416000,429960,53.76576113,-1.75876054,0.9,0.6,Counted,Manual count,82,258,22471,221,3709,417,73,79,35,116,96,816,27475
47807,2011,8,Yorkshire and The Humber,195,Bradford,A6036,Major,A641,M606,416000,429960,53.76576113,-1.75876054,0.9,0.6,Estimated,Estimated using AADF from previous year on this link,90,273,22358,221,3824,415,79,89,27,114,101,825,27501
47807,2012,8,Yorkshire and The Humber,195,Bradford,A6036,Major,A641,M606,416000,429960,53.76576113,-1.75876054,0.9,0.6,Estimated,Estimated using AADF from previous year on this link,85,246,22263,237,3672,367,75,89,20,106,100,757,27176
47807,2013,8,Yorkshire and The Humber,195,Bradford,A6036,Major,A641,M606,416000,429960,53.76576113,-1.75876054,0.9,0.6,Estimated,Estimated using AADF from previous year on this link,84,246,22137,223,3714,366,81,100,14,99,100,761,27082
47807,2014,8,Yorkshire and The Humber,195,Bradford,A6036,Major,A641,M606,416000,429960,53.76576113,-1.75876054,0.9,0.6,Estimated,Estimated using AADF from previous year on this link,82,262,21908,237,4229,387,93,113,15,97,113,817,27454
47807,2015,8,Yorkshire and The Humber,195,Bradford,A6036,Major,A641,M606,416000,429960,53.76576113,-1.75876054,0.9,0.6,Counted,Manual count,64,175,23289,104,3538,494,65,152,36,164,82,993,28100
47807,2016,8,Yorkshire and The Humber,195,Bradford,A6036,Major,A641,M606,416000,429960,53.76576113,-1.75876054,0.9,0.6,Estimated,Estimated using AADF from previous year on this link,60,172,23652,97,3865,501,65,171,38,145,81,1001,28786
47807,2017,8,Yorkshire and The Humber,195,Bradford,A6036,Major,A641,M606,416000,429960,53.76576113,-1.75876054,0.9,0.6,Estimated,Estimated using AADF from previous year on this link,58,173,23478,90,4068,497,66,175,39,145,84,1007,28817
47807,2018,8,Yorkshire and The Humber,195,Bradford,A6036,Major,A641,M606,416000,429960,53.76576113,-1.75876054,1.0,0.6,Estimated,Estimated using AADF from previous year on this link,64,171,23220,82,4145,502,66,170,40,150,88,1015,28632
47807,2019,8,Yorkshire and The Humber,195,Bradford,A6036,Major,A641,M606,416000,429960,53.76576113,-1.75876054,1.0,0.6,Counted,Manual count,111,118,21834,84,3923,362,66,72,41,160,75,776,26734
47807,2020,8,Yorkshire and The Humber,195,Bradford,A6036,Major,A641,M606,416000,429960,53.76576113,-1.75876054,1.0,0.6,Estimated,Estimated using AADF from previous year on this link,127,87,16584,53,3462,319,57,64,35,142,65,682,20869
47807,2021,8,Yorkshire and The Humber,195,Bradford,A6036,Major,A641,M606,416000,429960,53.76576113,-1.75876054,1.0,0.6,Estimated,Estimated using AADF from previous year on this link,104,92,18271,55,3775,341,62,70,37,151,70,731,22924
47807,2022,8,Yorkshire and The Humber,195,Bradford,A6036,Major,A641,M606,416000,429960,53.76576113,-1.75876054,1.0,0.6,Estimated,Estimated using AADF from previous year on this link,93,101,19515,59,4092,353,64,74,39,155,72,757,24523
47807,2023,8,Yorkshire and The Humber,195,Bradford,A6036,Major,A641,M606,416000,429960,53.76576113,-1.75876054,1.0,0.6,Counted,Manual count,57,100,23734,60,4407,371,90,78,34,96,344,1014,29315
47807,2024,8,Yorkshire and The Humber,195,Bradford,A6036,Major,A641,M606,416000,429960,53.76576113,-1.75876054,1.0,0.6,Estimated,Estimated using AADF from previous year on this link,57,103,24093,60,4486,377,90,76,34,93,332,1003,29745
47807,2025,8,Yorkshire and The Humber,195,Bradford,A6036,Major,A641,M606,416000,429960,53.76576113,-1.75876054,1.0,0.6,Estimated,Estimated using AADF from previous year on this link,58,105,24122,58,4578,373,90,78,34,91,326,993,29857
47842,2000,8,Yorkshire and The Humber,195,Bradford,A6176,Major,A6177,A658,418000,435700,53.81728665,-1.72808867,2.0,1.2,Counted,Manual count,17,30,8159,65,644,240,11,4,11,22,13,301,9199
47842,2001,8,Yorkshire and The Humber,195,Bradford,A6176,Major,A6177,A658,418000,435700,53.81728665,-1.72808867,2.0,1.2,Estimated,Estimated using AADF from previous year on this link,17,32,7906,68,648,229,12,4,9,17,13,284,8938
47842,2002,8,Yorkshire and The Humber,195,Bradford,A6176,Major,A6177,A658,418000,435700,53.81728665,-1.72808867,2.0,1.2,Estimated,Estimated using AADF from previous year on this link,17,33,8032,68,695,216,12,4,9,15,15,271,9099
47842,2003,8,Yorkshire and The Humber,195,Bradford,A6176,Major,A6177,A658,418000,435700,53.81728665,-1.72808867,2.0,1.2,Counted,Manual count,37,107,7530,58,759,93,13,10,6,21,9,152,8606
47842,2004,8,Yorkshire and The Humber,195,Bradford,A6176,Major,A6177,A658,418000,435700,53.81728665,-1.72808867,2.0,1.2,Estimated,Estimated using AADF from previous year on this link,30,70,7629,48,836,112,16,14,6,20,11,179,8762
47842,2005,8,Yorkshire and The Humber,195,Bradford,A6176,Major,A6177,A658,418000,435700,53.81728665,-1.72808867,2.0,1.2,Estimated,Estimated using AADF from previous year on this link,26,58,7278,45,892,122,18,16,5,16,11,188,8461
47842,2006,8,Yorkshire and The Humber,195,Bradford,A6176,Major,A6177,A658,418000,435700,53.81728665,-1.72808867,2.0,1.2,Estimated,Estimated using AADF from previous year on this link,41,51,7140,42,905,118,16,16,5,13,10,178,8316
47842,2007,8,Yorkshire and The Humber,195,Bradford,A6176,Major,A6177,A658,418000,435700,53.81728665,-1.72808867,2.0,1.2,Counted,Manual count,18,73,8658,83,1045,98,15,11,3,34,6,167,10026
47842,2008,8,Yorkshire and The Humber,195,Bradford,A6176,Major,A6177,A658,418000,435700,53.81728665,-1.72808867,2.0,1.2,Estimated,Estimated using AADF from previous year on this link,21,69,8468,72,1067,98,17,12,3,30,6,166,9842
47842,2009,8,Yorkshire and The Humber,195,Bradford,A6176,Major,A6177,A658,418000,435700,53.81728665,-1.72808867,2.0,1.2,Estimated,Estimated using AADF from previous year on this link,21,77,8654,72,1083,89,17,12,3,26,6,153,10039
47842,2010,8,Yorkshire and The Humber,195,Bradford,A6176,Major,A6177,A658,418000,435700,53.81728665,-1.72808867,2.0,1.2,Estimated,Estimated using AADF from previous year on this link,21,73,8602,82,1156,95,17,11,3,24,6,156,10069
47842,2011,8,Yorkshire and The Humber,195,Bradford,A6176,Major,A6177,A658,418000,435700,53.81728665,-1.72808867,2.0,1.2,Estimated,Estimated using AADF from previous year on this link,23,62,8577,78,1290,97,19,12,3,24,6,161,10168
47842,2012,8,Yorkshire and The Humber,195,Bradford,A6176,Major,A6177,A658,418000,435700,53.81728665,-1.72808867,2.0,1.2,Estimated,Estimated using AADF from previous year on this link,22,59,8443,85,1305,98,21,14,2,21,6,162,10054
47842,2013,8,Yorkshire and The Humber,195,Bradford,A6176,Major,A6177,A658,418000,435700,53.81728665,-1.72808867,2.0,1.2,Estimated,Estimated using AADF from previous year on this link,21,66,8369,89,1357,99,23,16,2,20,6,165,10045
47842,2014,8,Yorkshire and The Humber,195,Bradford,A6176,Major,A6177,A658,418000,435700,53.81728665,-1.72808867,2.0,1.2,Estimated,Estimated using AADF from previous year on this link,21,63,8596,85,1451,101,25,17,1,17,5,167,10362
47842,2015,8,Yorkshire and The Humber,195,Bradford,A6176,Major,A6177,A658,418000,435700,53.81728665,-1.72808867,2.0,1.2,Estimated,Estimated using AADF from previous year on this link,19,56,8766,92,1521,96,26,16,2,16,5,161,10596
47842,2016,8,Yorkshire and The Humber,195,Bradford,A6176,Major,A6177,A658,417995,435720,53.81746658,-1.72816346,2.0,1.2,Counted,Manual count,48,39,7443,79,902,67,18,8,5,10,7,115,8578
47842,2017,8,Yorkshire and The Humber,195,Bradford,A6176,Major,A6177,A658,417995,435720,53.81746658,-1.72816346,2.0,1.2,Estimated,Estimated using AADF from previous year on this link,46,39,7389,73,950,66,19,8,5,10,8,115,8566
47842,2018,8,Yorkshire and The Humber,195,Bradford,A6176,Major,A6177,A658,417995,435720,53.81746658,-1.72816346,2.0,1.2,Estimated,Estimated using AADF from previous year on this link,51,39,7307,67,967,67,19,8,5,10,8,116,8496
47842,2019,8,Yorkshire and The Humber,195,Bradford,A6176,Major,A6177,A658,417995,435720,53.81746658,-1.72816346,2.0,1.2,Estimated,Estimated using AADF from previous year on this link,56,36,7399,67,959,66,19,8,5,11,8,116,8578
47842,2020,8,Yorkshire and The Humber,195,Bradford,A6176,Major,A6177,A658,417995,435720,53.81746658,-1.72816346,2.0,1.2,Estimated,Estimated using AADF from previous year on this link,64,27,5620,43,846,58,16,7,4,9,7,102,6638
47842,2021,8,Yorkshire and The Humber,195,Bradford,A6176,Major,A6177,A658,417995,435720,53.81746658,-1.72816346,2.0,1.2,Estimated,Estimated using AADF from previous year on this link,52,28,6192,44,923,62,18,8,5,10,7,109,7296
47842,2022,8,Yorkshire and The Humber,195,Bradford,A6176,Major,A6177,A658,417995,435720,53.81746658,-1.72816346,2.0,1.2,Estimated,Estimated using AADF from previous year on this link,47,31,6613,47,1000,64,18,8,5,10,8,113,7805
47842,2023,8,Yorkshire and The Humber,195,Bradford,A6176,Major,A6177,A658,417995,435720,53.81746658,-1.72816346,2.0,1.2,Estimated,Estimated using AADF from previous year on this link,46,31,6738,48,1017,64,18,8,5,10,7,112,7944
47842,2024,8,Yorkshire and The Humber,195,Bradford,A6176,Major,A6177,A658,417995,435720,53.81746658,-1.72816346,2.0,1.2,Counted,Manual count,23,23,9188,44,986,49,19,8,2,7,4,88,10329
47842,2025,8,Yorkshire and The Humber,195,Bradford,A6176,Major,A6177,A658,417995,435720,53.81746658,-1.72816346,2.0,1.2,Estimated,Estimated using AADF from previous year on this link,23,23,9199,43,1006,48,19,8,2,7,4,88,10359
47907,2000,8,Yorkshire and The Humber,195,Bradford,A6177,Major,A658,A6176,417000,435000,53.81102851,-1.74331533,1.1,0.7,Estimated,Estimated using AADF from previous year on this link,19,49,5660,11,653,100,1,4,8,5,8,126,6499
47907,2001,8,Yorkshire and The Humber,195,Bradford,A6177,Major,A658,A6176,417000,435000,53.81102851,-1.74331533,1.1,0.7,Estimated,Estimated using AADF from previous year on this link,18,51,5484,11,657,95,1,4,6,4,8,118,6321
47907,2002,8,Yorkshire and The Humber,195,Bradford,A6177,Major,A658,A6176,417000,435000,53.81102851,-1.74331533,1.1,0.7,Counted,Manual count,5,25,6098,13,559,62,6,2,8,13,11,102,6797
47907,2003,8,Yorkshire and The Humber,195,Bradford,A6177,Major,A658,A6176,417000,435000,53.81102851,-1.74331533,1.1,0.7,Estimated,Estimated using AADF from previous year on this link,5,35,5873,13,607,60,6,2,8,11,13,100,6628
47907,2004,8,Yorkshire and The Humber,195,Bradford,A6177,Major,A658,A6176,417000,435000,53.81102851,-1.74331533,1.1,0.7,Estimated,Estimated using AADF from previous year on this link,3,23,5948,11,668,73,8,3,8,11,14,117,6767
47907,2005,8,Yorkshire and The Humber,195,Bradford,A6177,Major,A658,A6176,417000,435000,53.81102851,-1.74331533,1.1,0.7,Estimated,Estimated using AADF from previous year on this link,3,19,5675,10,713,79,9,3,6,9,14,120,6537
47907,2006,8,Yorkshire and The Humber,195,Bradford,A6177,Major,A658,A6176,417000,435000,53.81102851,-1.74331533,1.1,0.7,Estimated,Estimated using AADF from previous year on this link,5,17,5567,9,723,77,8,3,5,7,13,113,6429
47907,2007,8,Yorkshire and The Humber,195,Bradford,A6177,Major,A658,A6176,417000,435000,53.81102851,-1.74331533,1.1,0.7,Estimated,Estimated using AADF from previous year on this link,3,16,5478,8,762,71,7,3,5,6,13,105,6369
47907,2008,8,Yorkshire and The Humber,195,Bradford,A6177,Major,A658,A6176,417000,435000,53.81102851,-1.74331533,1.1,0.7,Estimated,Estimated using AADF from previous year on this link,3,15,5358,7,778,71,8,4,3,5,13,104,6262
47907,2009,8,Yorkshire and The Humber,195,Bradford,A6177,Major,A658,A6176,417000,435000,53.81102851,-1.74331533,1.1,0.7,Estimated,Estimated using AADF from previous year on this link,3,17,5476,7,790,65,8,4,3,5,13,98,6388
47907,2010,8,Yorkshire and The Humber,195,Bradford,A6177,Major,A658,A6176,417000,435000,53.81102851,-1.74331533,1.1,0.7,Estimated,Estimated using AADF from previous year on this link,3,17,5443,8,843,69,8,4,3,5,13,102,6413
47907,2011,8,Yorkshire and The Humber,195,Bradford,A6177,Major,A658,A6176,417000,435000,53.81102851,-1.74331533,1.1,0.7,Counted,Manual count,22,36,7761,11,894,37,9,3,3,8,2,62,8764
47907,2012,8,Yorkshire and The Humber,195,Bradford,A6177,Major,A658,A6176,417000,435000,53.81102851,-1.74331533,1.1,0.7,Estimated,Estimated using AADF from previous year on this link,21,34,7640,12,905,37,10,3,2,7,2,62,8653
47907,2013,8,Yorkshire and The Humber,195,Bradford,A6177,Major,A658,A6176,417000,435000,53.81102851,-1.74331533,1.1,0.7,Estimated,Estimated using AADF from previous year on this link,21,38,7573,13,940,38,11,4,2,7,2,63,8626
47907,2014,8,Yorkshire and The Humber,195,Bradford,A6177,Major,A658,A6176,417000,435000,53.81102851,-1.74331533,1.1,0.7,Estimated,Estimated using AADF from previous year on this link,20,37,7778,12,1005,39,12,4,1,6,2,63,8895
47907,2015,8,Yorkshire and The Humber,195,Bradford,A6177,Major,A658,A6176,417000,435000,53.81102851,-1.74331533,1.1,0.7,Estimated,Estimated using AADF from previous year on this link,19,32,7932,13,1054,37,12,4,2,5,2,62,9093
47907,2016,8,Yorkshire and The Humber,195,Bradford,A6177,Major,A658,A6176,417000,435000,53.81102851,-1.74331533,1.1,0.7,Estimated,Estimated using AADF from previous year on this link,17,32,8056,12,1152,37,12,5,2,5,2,62,9313
47907,2017,8,Yorkshire and The Humber,195,Bradford,A6177,Major,A658,A6176,417000,435000,53.81102851,-1.74331533,1.1,0.7,Estimated,Estimated using AADF from previous year on this link,17,32,7996,11,1212,37,12,5,2,5,2,62,9314
47907,2018,8,Yorkshire and The Humber,195,Bradford,A6177,Major,A658,A6176,417000,435000,53.81102851,-1.74331533,1.1,0.7,Estimated,Estimated using AADF from previous year on this link,18,32,7908,10,1235,37,12,5,2,5,2,62,9248
47907,2019,8,Yorkshire and The Humber,195,Bradford,A6177,Major,A658,A6176,416996,434984,53.81088483,-1.74337695,1.1,0.7,Counted,Manual count,14,11,7477,10,792,44,18,13,5,13,4,97,8387
47907,2020,8,Yorkshire and The Humber,195,Bradford,A6177,Major,A658,A6176,416996,434984,53.81088483,-1.74337695,1.1,0.7,Estimated,Estimated using AADF from previous year on this link,16,8,5679,6,699,38,15,12,4,12,3,85,6478
47907,2021,8,Yorkshire and The Humber,195,Bradford,A6177,Major,A658,A6176,416996,434984,53.81088483,-1.74337695,1.1,0.7,Estimated,Estimated using AADF from previous year on this link,13,9,6257,6,762,41,17,13,4,13,4,91,7126
47907,2022,8,Yorkshire and The Humber,195,Bradford,A6177,Major,A658,A6176,416996,434984,53.81088483,-1.74337695,1.1,0.7,Estimated,Estimated using AADF from previous year on this link,12,10,6683,7,826,43,17,14,5,13,4,95,7620
47907,2023,8,Yorkshire and The Humber,195,Bradford,A6177,Major,A658,A6176,416996,434984,53.81088483,-1.74337695,1.1,0.7,Estimated,Estimated using AADF from previous year on this link,12,10,6809,7,840,42,17,14,5,13,3,93,7759
47907,2024,8,Yorkshire and The Humber,195,Bradford,A6177,Major,A658,A6176,416996,434984,53.81088483,-1.74337695,1.1,0.7,Estimated,Estimated using AADF from previous year on this link,12,10,6912,7,855,43,17,13,5,12,3,93,7877
47907,2025,8,Yorkshire and The Humber,195,Bradford,A6177,Major,A658,A6176,416996,434984,53.81088483,-1.74337695,1.1,0.7,Estimated,Estimated using AADF from previous year on this link,12,10,6920,7,873,42,17,14,5,12,3,93,7902
47968,2000,8,Yorkshire and The Humber,195,Bradford,A6037,Major,Bolton Lane,A6038,415000,436866,53.82786088,-1.77359709,2.7,1.7,Estimated,Estimated using AADF from previous year on this link,65,127,16628,93,2136,401,28,10,20,29,26,514,19498
47968,2001,8,Yorkshire and The Humber,195,Bradford,A6037,Major,Bolton Lane,A6038,415000,436866,53.82786088,-1.77359709,2.7,1.7,Counted,Manual count,73,298,22028,100,2934,498,236,17,24,35,14,824,26184
47968,2002,8,Yorkshire and The Humber,195,Bradford,A6037,Major,Bolton Lane,A6038,415000,436866,53.82786088,-1.77359709,2.7,1.7,Estimated,Estimated using AADF from previous year on this link,76,302,21984,102,2940,479,246,17,22,30,15,809,26137
47968,2003,8,Yorkshire and The Humber,195,Bradford,A6037,Major,Bolton Lane,A6038,415000,436866,53.82786088,-1.77359709,2.7,1.7,Counted,Manual count,174,288,23758,101,3138,655,112,63,104,250,104,1288,28573
47968,2004,8,Yorkshire and The Humber,195,Bradford,A6037,Major,Bolton Lane,A6038,415000,436866,53.82786088,-1.77359709,2.7,1.7,Counted,Manual count,86,237,23873,104,3095,706,105,127,111,240,125,1414,28723
47968,2005,8,Yorkshire and The Humber,195,Bradford,A6037,Major,Bolton Lane,A6038,415000,436866,53.82786088,-1.77359709,2.7,1.7,Counted,Manual count,76,285,22826,92,3464,738,94,87,96,310,135,1460,28127
47968,2006,8,Yorkshire and The Humber,195,Bradford,A6037,Major,Bolton Lane,A6038,415000,436866,53.82786088,-1.77359709,2.7,1.7,Counted,Manual count,81,249,23541,165,3600,630,116,52,104,286,121,1309,28864
47968,2007,8,Yorkshire and The Humber,195,Bradford,A6037,Major,Bolton Lane,A6038,415000,436866,53.82786088,-1.77359709,2.7,1.7,Counted,Manual count,98,230,22661,121,3637,680,105,79,84,204,128,1280,27929
47968,2008,8,Yorkshire and The Humber,195,Bradford,A6037,Major,Bolton Lane,A6038,415000,436866,53.82786088,-1.77359709,2.7,1.7,Counted,Manual count,135,287,21876,117,3560,660,98,107,87,180,131,1263,27103
47968,2009,8,Yorkshire and The Humber,195,Bradford,A6037,Major,Bolton Lane,A6038,415000,436866,53.82786088,-1.77359709,2.7,1.7,Estimated,Estimated using AADF from previous year on this link,135,271,21526,115,3856,635,102,107,83,158,129,1214,26982
47968,2010,8,Yorkshire and The Humber,195,Bradford,A6037,Major,Bolton Lane,A6038,415000,436866,53.82786088,-1.77359709,2.7,1.7,Counted,Manual count,102,334,22469,151,3587,561,104,107,78,193,111,1154,27695
47968,2011,8,Yorkshire and The Humber,195,Bradford,A6037,Major,Bolton Lane,A6038,415000,436866,53.82786088,-1.77359709,2.7,1.7,Estimated,Estimated using AADF from previous year on this link,112,354,22357,151,3699,559,112,121,60,191,117,1160,27721
47968,2012,8,Yorkshire and The Humber,195,Bradford,A6037,Major,Bolton Lane,A6038,415000,436866,53.82786088,-1.77359709,2.7,1.7,Estimated,Estimated using AADF from previous year on this link,106,319,22262,162,3552,494,107,121,44,177,116,1059,27355
47968,2013,8,Yorkshire and The Humber,195,Bradford,A6037,Major,Bolton Lane,A6038,415000,436866,53.82786088,-1.77359709,2.7,1.7,Estimated,Estimated using AADF from previous year on this link,105,320,22136,153,3593,493,115,136,32,166,116,1058,27259
47968,2014,8,Yorkshire and The Humber,195,Bradford,A6037,Major,Bolton Lane,A6038,415000,436866,53.82786088,-1.77359709,2.7,1.7,Estimated,Estimated using AADF from previous year on this link,101,340,21907,162,4091,521,131,153,34,162,131,1133,27632
47968,2015,8,Yorkshire and The Humber,195,Bradford,A6037,Major,Bolton Lane,A6038,415000,436866,53.82786088,-1.77359709,2.7,1.7,Counted,Manual count,93,262,21022,138,3587,720,95,109,100,248,180,1453,26461
47968,2016,8,Yorkshire and The Humber,195,Bradford,A6037,Major,Bolton Lane,A6038,415000,436866,53.82786088,-1.77359709,2.7,1.7,Estimated,Estimated using AADF from previous year on this link,87,256,21350,127,3918,731,94,123,104,220,177,1449,27101
47968,2017,8,Yorkshire and The Humber,195,Bradford,A6037,Major,Bolton Lane,A6038,415000,436866,53.82786088,-1.77359709,2.7,1.7,Estimated,Estimated using AADF from previous year on this link,83,259,21193,119,4125,726,96,126,108,219,184,1459,27154
47968,2018,8,Yorkshire and The Humber,195,Bradford,A6037,Major,Bolton Lane,A6038,415000,436866,53.82786088,-1.77359709,2.7,1.7,Estimated,Estimated using AADF from previous year on this link,92,256,20959,108,4202,732,95,122,110,227,193,1479,27004
47968,2019,8,Yorkshire and The Humber,195,Bradford,A6037,Major,Bolton Lane,A6038,414984,436895,53.82812199,-1.77383875,2.7,1.7,Counted,Manual count,47,140,20586,60,3816,421,88,81,64,233,92,979,25581
47968,2020,8,Yorkshire and The Humber,195,Bradford,A6037,Major,Bolton Lane,A6038,414984,436895,53.82812199,-1.77383875,2.7,1.7,Estimated,Estimated using AADF from previous year on this link,53,103,15637,38,3368,370,77,73,55,207,80,861,20006
47968,2021,8,Yorkshire and The Humber,195,Bradford,A6037,Major,Bolton Lane,A6038,414984,436895,53.82812199,-1.77383875,2.7,1.7,Estimated,Estimated using AADF from previous year on this link,43,110,17227,39,3671,396,82,79,59,220,85,922,21969
47968,2022,8,Yorkshire and The Humber,195,Bradford,A6037,Major,Bolton Lane,A6038,414984,436895,53.82812199,-1.77383875,2.7,1.7,Estimated,Estimated using AADF from previous year on this link,39,120,18400,42,3980,410,85,84,61,226,87,954,23496
47968,2023,8,Yorkshire and The Humber,195,Bradford,A6037,Major,Bolton Lane,A6038,414984,436895,53.82812199,-1.77383875,2.7,1.7,Counted,Manual count,32,150,20264,79,3781,435,92,102,34,118,276,1057,25331
47968,2024,8,Yorkshire and The Humber,195,Bradford,A6037,Major,Bolton Lane,A6038,414984,436895,53.82812199,-1.77383875,2.7,1.7,Estimated,Estimated using AADF from previous year on this link,32,155,20571,79,3848,442,92,99,33,114,267,1048,25702
47968,2025,8,Yorkshire and The Humber,195,Bradford,A6037,Major,Bolton Lane,A6038,414984,436895,53.82812199,-1.77383875,2.7,1.7,Estimated,Estimated using AADF from previous year on this link,32,158,20596,78,3927,437,93,102,33,112,262,1039,25798
47969,2000,8,Yorkshire and The Humber,195,Bradford,A6181,Major,A647,A641,416220,432780,53.79110012,-1.75527613,0.2,0.1,Estimated,Estimated using AADF from previous year on this link,50,137,29212,115,4348,966,105,61,95,98,104,1429,35241
47969,2001,8,Yorkshire and The Humber,195,Bradford,A6181,Major,A647,A641,416220,432780,53.79110012,-1.75527613,0.2,0.1,Estimated,Estimated using AADF from previous year on this link,48,142,29796,117,4331,947,121,61,83,84,116,1412,35798
47969,2002,8,Yorkshire and The Humber,195,Bradford,A6181,Major,A647,A641,416220,432780,53.79110012,-1.75527613,0.2,0.1,Estimated,Estimated using AADF from previous year on this link,50,144,29736,119,4340,912,127,63,75,73,127,1377,35716
47969,2003,8,Yorkshire and The Humber,195,Bradford,A6181,Major,A647,A641,416220,432780,53.79110012,-1.75527613,0.2,0.1,Estimated,Estimated using AADF from previous year on this link,45,161,29320,106,4730,978,144,74,71,65,140,1472,35789
47969,2004,8,Yorkshire and The Humber,195,Bradford,A6181,Major,A647,A641,416220,432780,53.79110012,-1.75527613,0.2,0.1,Counted,Manual count,20,222,30941,239,4165,663,91,98,104,120,95,1171,36738
47969,2005,8,Yorkshire and The Humber,195,Bradford,A6181,Major,A647,A641,416220,432780,53.79110012,-1.75527613,0.2,0.1,Estimated,Estimated using AADF from previous year on this link,17,224,30168,235,4274,637,85,100,91,104,100,1117,36018
47969,2006,8,Yorkshire and The Humber,195,Bradford,A6181,Major,A647,A641,416220,432780,53.79110012,-1.75527613,0.2,0.1,Estimated,Estimated using AADF from previous year on this link,27,234,30258,232,4342,652,85,107,83,92,108,1127,36193
47969,2007,8,Yorkshire and The Humber,195,Bradford,A6181,Major,A647,A641,416220,432780,53.79110012,-1.75527613,0.2,0.1,Estimated,Estimated using AADF from previous year on this link,17,236,28836,222,4737,643,84,117,71,88,111,1114,35145
47969,2008,8,Yorkshire and The Humber,195,Bradford,A6181,Major,A647,A641,416220,432780,53.79110012,-1.75527613,0.2,0.1,Estimated,Estimated using AADF from previous year on this link,19,220,28288,224,4960,618,91,120,62,77,108,1076,34768
47969,2009,8,Yorkshire and The Humber,195,Bradford,A6181,Major,A647,A641,416220,432780,53.79110012,-1.75527613,0.2,0.1,Counted,Manual count,52,159,32286,195,4201,607,101,46,70,121,57,1002,37843
47969,2010,8,Yorkshire and The Humber,195,Bradford,A6181,Major,A647,A641,416220,432780,53.79110012,-1.75527613,0.2,0.1,Estimated,Estimated using AADF from previous year on this link,52,146,31608,205,4222,602,95,38,75,106,53,969,37150
47969,2011,8,Yorkshire and The Humber,195,Bradford,A6181,Major,A647,A641,416220,432780,53.79110012,-1.75527613,0.2,0.1,Counted,Manual count,39,112,29444,868,4002,459,75,51,26,76,39,726,35152
47969,2012,8,Yorkshire and The Humber,195,Bradford,A6181,Major,A647,A641,416220,432780,53.79110012,-1.75527613,0.2,0.1,Estimated,Estimated using AADF from previous year on this link,37,101,29319,933,3843,406,72,51,19,70,39,656,34853
47969,2013,8,Yorkshire and The Humber,195,Bradford,A6181,Major,A647,A641,416220,432780,53.79110012,-1.75527613,0.2,0.1,Counted,Manual count,65,105,26137,547,3838,534,82,61,38,89,67,871,31499
47969,2014,8,Yorkshire and The Humber,195,Bradford,A6181,Major,A647,A641,416220,432780,53.79110012,-1.75527613,0.2,0.1,Estimated,Estimated using AADF from previous year on this link,63,112,25866,581,4371,564,94,68,41,87,76,930,31859
47969,2015,8,Yorkshire and The Humber,195,Bradford,A6181,Major,A647,A641,416220,432780,53.79110012,-1.75527613,0.2,0.1,Estimated,Estimated using AADF from previous year on this link,59,113,25391,576,4597,548,99,67,50,86,75,924,31602
47969,2016,8,Yorkshire and The Humber,195,Bradford,A6181,Major,A647,A641,416220,432780,53.79110012,-1.75527613,0.2,0.1,Estimated,Estimated using AADF from previous year on this link,55,111,25788,534,5022,556,98,75,52,76,74,931,32385
47969,2017,8,Yorkshire and The Humber,195,Bradford,A6181,Major,A647,A641,416220,432780,53.79110012,-1.75527613,0.2,0.1,Counted,Manual count,49,111,32128,752,3712,396,88,66,42,92,56,740,37444
47969,2018,8,Yorkshire and The Humber,195,Bradford,A6181,Major,A647,A641,416220,432780,53.79110012,-1.75527613,0.2,0.1,Estimated,Estimated using AADF from previous year on this link,54,110,31774,682,3781,400,88,64,43,95,58,748,37096
47969,2019,8,Yorkshire and The Humber,195,Bradford,A6181,Major,A647,A641,416220,432780,53.79110012,-1.75527613,0.2,0.1,Estimated,Estimated using AADF from previous year on this link,59,103,32173,690,3748,395,89,64,44,98,58,748,37463
47969,2020,8,Yorkshire and The Humber,195,Bradford,A6181,Major,A647,A641,416220,432780,53.79110012,-1.75527613,0.2,0.1,Estimated,Estimated using AADF from previous year on this link,68,76,24438,436,3308,347,77,57,38,87,51,657,28915
47969,2021,8,Yorkshire and The Humber,195,Bradford,A6181,Major,A647,A641,416220,432780,53.79110012,-1.75527613,0.2,0.1,Estimated,Estimated using AADF from previous year on this link,55,81,26923,450,3606,372,83,63,41,93,54,705,31765
47969,2022,8,Yorkshire and The Humber,195,Bradford,A6181,Major,A647,A641,416220,432780,53.79110012,-1.75527613,0.2,0.1,Counted,Manual count,29,59,31547,381,4237,685,78,66,34,188,79,1130,37355
47969,2023,8,Yorkshire and The Humber,195,Bradford,A6181,Major,A647,A641,416220,432780,53.79110012,-1.75527613,0.2,0.1,Estimated,Estimated using AADF from previous year on this link,28,58,32141,385,4309,676,77,65,34,183,76,1112,38004
47969,2024,8,Yorkshire and The Humber,195,Bradford,A6181,Major,A647,A641,416220,432780,53.79110012,-1.75527613,0.2,0.1,Estimated,Estimated using AADF from previous year on this link,29,60,32628,387,4386,686,77,64,34,177,73,1112,38572
47969,2025,8,Yorkshire and The Humber,195,Bradford,A6181,Major,A647,A641,416220,432780,53.79110012,-1.75527613,0.2,0.1,Estimated,Estimated using AADF from previous year on this link,29,61,32667,378,4476,679,78,66,34,173,72,1101,38683
47970,2002,8,Yorkshire and The Humber,195,Bradford,A6181,Major,,,416340,433404,53.79670484,-1.75342194,0.6,0.4,Estimated,Estimated using AADF from previous year on this link,41,115,12551,419,1586,251,7,8,20,10,23,319,14990
47970,2003,8,Yorkshire and The Humber,195,Bradford,A6181,Major,,,416340,433404,53.79670484,-1.75342194,0.6,0.4,Estimated,Estimated using AADF from previous year on this link,36,163,12087,407,1722,243,7,8,20,9,25,312,14691
47970,2004,8,Yorkshire and The Humber,195,Bradford,A6181,Major,,,416340,433404,53.79670484,-1.75342194,0.6,0.4,Estimated,Estimated using AADF from previous year on this link,30,108,12244,334,1897,296,9,11,20,9,30,375,14958
48647,2000,8,Yorkshire and The Humber,195,Bradford,A6037,Major,King's Rd,A6177,416241,434595,53.80741245,-1.75486276,0.3,0.2,Estimated,Estimated using AADF from previous year on this link,72,255,23059,181,3608,1041,99,79,171,201,186,1777,28880
48647,2001,8,Yorkshire and The Humber,195,Bradford,A6037,Major,King's Rd,A6177,416241,434595,53.80741245,-1.75486276,0.3,0.2,Counted,Manual count,49,233,25586,185,3885,836,99,67,62,114,62,1240,31129
48647,2002,8,Yorkshire and The Humber,195,Bradford,A6037,Major,King's Rd,A6177,416241,434595,53.80741245,-1.75486276,0.3,0.2,Estimated,Estimated using AADF from previous year on this link,51,235,25535,189,3893,805,103,70,56,99,68,1201,31053
48647,2003,8,Yorkshire and The Humber,195,Bradford,A6037,Major,King's Rd,A6177,416241,434595,53.80741245,-1.75486276,0.3,0.2,Estimated,Estimated using AADF from previous year on this link,46,264,25178,168,4243,863,116,82,54,88,75,1278,31131
48647,2004,8,Yorkshire and The Humber,195,Bradford,A6037,Major,King's Rd,A6177,416241,434595,53.80741245,-1.75486276,0.3,0.2,Estimated,Estimated using AADF from previous year on this link,37,233,25228,157,4205,867,124,90,51,78,82,1292,31115
48647,2005,8,Yorkshire and The Humber,195,Bradford,A6037,Major,King's Rd,A6177,416241,434595,53.80741245,-1.75486276,0.3,0.2,Estimated,Estimated using AADF from previous year on this link,31,235,24597,155,4315,833,116,91,45,67,87,1239,30541
48647,2006,8,Yorkshire and The Humber,195,Bradford,A6037,Major,King's Rd,A6177,416241,434595,53.80741245,-1.75486276,0.3,0.2,Estimated,Estimated using AADF from previous year on this link,49,244,24671,152,4383,853,116,99,40,60,93,1261,30711
48647,2007,8,Yorkshire and The Humber,195,Bradford,A6037,Major,King's Rd,A6177,416241,434595,53.80741245,-1.75486276,0.3,0.2,Estimated,Estimated using AADF from previous year on this link,31,247,23511,146,4782,841,114,107,34,57,95,1248,29934
48647,2008,8,Yorkshire and The Humber,195,Bradford,A6037,Major,King's Rd,A6177,416241,434595,53.80741245,-1.75486276,0.3,0.2,Counted,Manual count,44,202,23583,181,4296,704,109,102,100,308,155,1478,29740
48647,2009,8,Yorkshire and The Humber,195,Bradford,A6037,Major,King's Rd,A6177,416241,434595,53.80741245,-1.75486276,0.3,0.2,Estimated,Estimated using AADF from previous year on this link,44,190,23206,177,4653,678,114,102,95,271,153,1413,29639
48647,2010,8,Yorkshire and The Humber,195,Bradford,A6037,Major,King's Rd,A6177,416241,434595,53.80741245,-1.75486276,0.3,0.2,Counted,Manual count,69,225,24169,197,4245,582,133,127,49,264,142,1297,30133
48647,2011,8,Yorkshire and The Humber,195,Bradford,A6037,Major,King's Rd,A6177,416241,434595,53.80741245,-1.75486276,0.3,0.2,Estimated,Estimated using AADF from previous year on this link,76,238,24049,197,4377,580,143,142,38,260,150,1313,30174
48647,2012,8,Yorkshire and The Humber,195,Bradford,A6037,Major,King's Rd,A6177,416241,434595,53.80741245,-1.75486276,0.3,0.2,Counted,Manual count,48,230,24016,221,4187,579,132,43,81,272,208,1316,29969
48647,2013,8,Yorkshire and The Humber,195,Bradford,A6037,Major,King's Rd,A6177,416241,434595,53.80741245,-1.75486276,0.3,0.2,Estimated,Estimated using AADF from previous year on this link,47,230,23879,208,4235,578,142,49,59,254,208,1291,29843
48647,2014,8,Yorkshire and The Humber,195,Bradford,A6037,Major,King's Rd,A6177,416241,434595,53.80741245,-1.75486276,0.3,0.2,Estimated,Estimated using AADF from previous year on this link,46,245,23632,221,4822,611,163,55,63,249,235,1375,30295
48647,2015,8,Yorkshire and The Humber,195,Bradford,A6037,Major,King's Rd,A6177,416241,434595,53.80741245,-1.75486276,0.3,0.2,Estimated,Estimated using AADF from previous year on this link,43,249,23198,219,5072,594,171,54,77,245,232,1373,30111
48647,2016,8,Yorkshire and The Humber,195,Bradford,A6037,Major,King's Rd,A6177,416241,434595,53.80741245,-1.75486276,0.3,0.2,Estimated,Estimated using AADF from previous year on this link,40,243,23560,203,5540,602,169,61,80,217,229,1358,30905
48647,2017,8,Yorkshire and The Humber,195,Bradford,A6037,Major,King's Rd,A6177,416241,434595,53.80741245,-1.75486276,0.3,0.2,Counted,Manual count,96,224,23070,116,4356,589,139,128,64,317,213,1450,29215
48647,2018,8,Yorkshire and The Humber,195,Bradford,A6037,Major,King's Rd,A6177,416241,434595,53.80741245,-1.75486276,0.3,0.2,Estimated,Estimated using AADF from previous year on this link,106,222,22816,105,4438,595,138,124,65,327,222,1472,29052
48647,2019,8,Yorkshire and The Humber,195,Bradford,A6037,Major,King's Rd,A6177,416241,434595,53.80741245,-1.75486276,0.3,0.2,Estimated,Estimated using AADF from previous year on this link,116,208,23102,106,4399,587,141,125,67,336,223,1478,29293
48647,2020,8,Yorkshire and The Humber,195,Bradford,A6037,Major,King's Rd,A6177,416241,434595,53.80741245,-1.75486276,0.3,0.2,Estimated,Estimated using AADF from previous year on this link,133,154,17548,67,3882,516,122,112,58,298,194,1299,22950
48647,2021,8,Yorkshire and The Humber,195,Bradford,A6037,Major,King's Rd,A6177,416241,434595,53.80741245,-1.75486276,0.3,0.2,Estimated,Estimated using AADF from previous year on this link,108,163,19332,69,4232,552,131,122,62,317,208,1392,25189
48647,2022,8,Yorkshire and The Humber,195,Bradford,A6037,Major,King's Rd,A6177,416241,434595,53.80741245,-1.75486276,0.3,0.2,Estimated,Estimated using AADF from previous year on this link,97,178,20649,74,4588,572,136,129,64,326,212,1439,26928
48647,2023,8,Yorkshire and The Humber,195,Bradford,A6037,Major,King's Rd,A6177,416241,434595,53.80741245,-1.75486276,0.3,0.2,Estimated,Estimated using AADF from previous year on this link,95,175,21037,75,4666,564,133,128,65,317,204,1412,27365
48647,2024,8,Yorkshire and The Humber,195,Bradford,A6037,Major,King's Rd,A6177,416241,434595,53.80741245,-1.75486276,0.3,0.2,Estimated,Estimated using AADF from previous year on this link,97,181,21356,75,4749,573,134,125,64,307,197,1399,27761
48647,2025,8,Yorkshire and The Humber,195,Bradford,A6037,Major,King's Rd,A6177,416241,434595,53.80741245,-1.75486276,0.3,0.2,Counted,Manual count,24,83,24878,91,4538,456,60,129,59,262,228,1194,30784
48648,2000,8,Yorkshire and The Humber,195,Bradford,A6037,Major,Canal Rd,A6177,416385,434646,53.80786636,-1.75267346,0.5,0.3,Estimated,Estimated using AADF from previous year on this link,7,54,9466,162,1004,148,10,5,7,11,6,187,10873
48648,2001,8,Yorkshire and The Humber,195,Bradford,A6037,Major,Canal Rd,A6177,416385,434646,53.80786636,-1.75267346,0.5,0.3,Estimated,Estimated using AADF from previous year on this link,7,56,9172,170,1011,141,12,5,5,9,6,178,10587
48648,2002,8,Yorkshire and The Humber,195,Bradford,A6037,Major,Canal Rd,A6177,416385,434646,53.80786636,-1.75267346,0.5,0.3,Counted,Manual count,16,112,11108,178,988,175,21,32,6,12,4,250,12636
48648,2003,8,Yorkshire and The Humber,195,Bradford,A6037,Major,Canal Rd,A6177,416385,434646,53.80786636,-1.75267346,0.5,0.3,Estimated,Estimated using AADF from previous year on this link,14,159,10697,173,1073,170,21,34,6,10,4,245,12347
48648,2004,8,Yorkshire and The Humber,195,Bradford,A6037,Major,Canal Rd,A6177,416385,434646,53.80786636,-1.75267346,0.5,0.3,Estimated,Estimated using AADF from previous year on this link,12,104,10836,142,1181,207,27,45,6,10,5,300,12563
48648,2005,8,Yorkshire and The Humber,195,Bradford,A6037,Major,Canal Rd,A6177,416385,434646,53.80786636,-1.75267346,0.5,0.3,Estimated,Estimated using AADF from previous year on this link,10,86,10337,133,1259,224,29,51,4,8,5,321,12136
48648,2006,8,Yorkshire and The Humber,195,Bradford,A6037,Major,Canal Rd,A6177,416385,434646,53.80786636,-1.75267346,0.5,0.3,Estimated,Estimated using AADF from previous year on this link,16,75,10142,124,1279,215,27,53,4,6,5,310,11930
48648,2007,8,Yorkshire and The Humber,195,Bradford,A6037,Major,Canal Rd,A6177,416385,434646,53.80786636,-1.75267346,0.5,0.3,Estimated,Estimated using AADF from previous year on this link,10,71,9979,113,1346,201,25,54,4,6,4,294,11803
48648,2008,8,Yorkshire and The Humber,195,Bradford,A6037,Major,Canal Rd,A6177,416385,434646,53.80786636,-1.75267346,0.5,0.3,Estimated,Estimated using AADF from previous year on this link,10,69,9760,99,1374,200,29,57,2,4,4,296,11598
48648,2009,8,Yorkshire and The Humber,195,Bradford,A6037,Major,Canal Rd,A6177,416385,434646,53.80786636,-1.75267346,0.5,0.3,Counted,Manual count,9,29,12469,143,1228,136,15,10,2,17,12,192,14061
48648,2010,8,Yorkshire and The Humber,195,Bradford,A6037,Major,Canal Rd,A6177,416385,434646,53.80786636,-1.75267346,0.5,0.3,Estimated,Estimated using AADF from previous year on this link,9,27,12395,162,1312,145,15,9,2,16,12,199,14095
48648,2011,8,Yorkshire and The Humber,195,Bradford,A6037,Major,Canal Rd,A6177,416385,434646,53.80786636,-1.75267346,0.5,0.3,Estimated,Estimated using AADF from previous year on this link,10,22,12358,153,1464,147,16,11,2,16,14,206,14203
48648,2012,8,Yorkshire and The Humber,195,Bradford,A6037,Major,Canal Rd,A6177,416385,434646,53.80786636,-1.75267346,0.5,0.3,Estimated,Estimated using AADF from previous year on this link,9,21,12165,166,1481,149,17,13,1,14,13,208,14042
48648,2013,8,Yorkshire and The Humber,195,Bradford,A6037,Major,Canal Rd,A6177,416385,434646,53.80786636,-1.75267346,0.5,0.3,Estimated,Estimated using AADF from previous year on this link,9,23,12058,174,1540,150,19,14,1,14,14,211,14006
48648,2014,8,Yorkshire and The Humber,195,Bradford,A6037,Major,Canal Rd,A6177,416385,434646,53.80786636,-1.75267346,0.5,0.3,Estimated,Estimated using AADF from previous year on this link,9,22,12385,167,1646,153,21,16,1,11,13,215,14436
48648,2015,8,Yorkshire and The Humber,195,Bradford,A6037,Major,Canal Rd,A6177,416385,434646,53.80786636,-1.75267346,0.5,0.3,Estimated,Estimated using AADF from previous year on this link,8,20,12630,180,1727,146,22,15,1,11,12,206,14763
48648,2016,8,Yorkshire and The Humber,195,Bradford,A6037,Major,Canal Rd,A6177,416385,434646,53.80786636,-1.75267346,0.5,0.3,Estimated,Estimated using AADF from previous year on this link,8,19,12827,167,1886,148,21,17,1,9,12,208,15108
48648,2017,8,Yorkshire and The Humber,195,Bradford,A6037,Major,Canal Rd,A6177,416385,434646,53.80786636,-1.75267346,0.5,0.3,Counted,Manual count,24,52,12675,206,1225,77,23,5,5,24,21,155,14312
48648,2018,8,Yorkshire and The Humber,195,Bradford,A6037,Major,Canal Rd,A6177,416385,434646,53.80786636,-1.75267346,0.5,0.3,Estimated,Estimated using AADF from previous year on this link,27,51,12536,186,1248,78,23,5,5,24,22,157,14178
48648,2019,8,Yorkshire and The Humber,195,Bradford,A6037,Major,Canal Rd,A6177,416385,434646,53.80786636,-1.75267346,0.5,0.3,Estimated,Estimated using AADF from previous year on this link,30,48,12693,188,1237,77,23,5,5,25,22,157,14323
48648,2020,8,Yorkshire and The Humber,195,Bradford,A6037,Major,Canal Rd,A6177,416385,434646,53.80786636,-1.75267346,0.5,0.3,Estimated,Estimated using AADF from previous year on this link,34,35,9641,119,1091,68,20,5,4,22,19,138,11025
48648,2021,8,Yorkshire and The Humber,195,Bradford,A6037,Major,Canal Rd,A6177,416385,434646,53.80786636,-1.75267346,0.5,0.3,Estimated,Estimated using AADF from previous year on this link,28,37,10622,123,1190,73,22,5,5,24,20,148,12120
48648,2022,8,Yorkshire and The Humber,195,Bradford,A6037,Major,Canal Rd,A6177,416385,434646,53.80786636,-1.75267346,0.5,0.3,Estimated,Estimated using AADF from previous year on this link,25,41,11345,132,1290,75,22,5,5,24,21,152,12961
48648,2023,8,Yorkshire and The Humber,195,Bradford,A6037,Major,Canal Rd,A6177,416385,434646,53.80786636,-1.75267346,0.5,0.3,Estimated,Estimated using AADF from previous year on this link,24,40,11559,133,1312,74,22,5,5,24,20,150,13194
48648,2024,8,Yorkshire and The Humber,195,Bradford,A6037,Major,Canal Rd,A6177,416385,434646,53.80786636,-1.75267346,0.5,0.3,Estimated,Estimated using AADF from previous year on this link,25,42,11734,134,1335,75,22,5,5,23,19,149,13394
48648,2025,8,Yorkshire and The Humber,195,Bradford,A6037,Major,Canal Rd,A6177,416385,434646,53.80786636,-1.75267346,0.5,0.3,Counted,Manual count,19,34,12195,166,1320,63,12,25,2,10,23,135,13849
48728,2000,8,Yorkshire and The Humber,195,Bradford,A65,Major,A6034,Main St,407015,449434,53.94098647,-1.89462672,2.2,1.4,Estimated,Estimated using AADF from previous year on this link,3,76,12371,79,1490,234,94,109,40,83,43,603,14619
48728,2001,8,Yorkshire and The Humber,195,Bradford,A65,Major,A6034,Main St,407015,449434,53.94098647,-1.89462672,2.2,1.4,Estimated,Estimated using AADF from previous year on this link,3,84,12755,81,1574,231,108,109,36,74,50,608,15102
48728,2002,8,Yorkshire and The Humber,195,Bradford,A65,Major,A6034,Main St,407015,449434,53.94098647,-1.89462672,2.2,1.4,Counted,Manual count,8,54,13069,54,1615,289,54,54,34,90,56,577,15369
48728,2003,8,Yorkshire and The Humber,195,Bradford,A65,Major,A6034,Main St,407015,449434,53.94098647,-1.89462672,2.2,1.4,Estimated,Estimated using AADF from previous year on this link,6,58,13357,54,1788,300,60,61,32,80,62,595,15852
48728,2004,8,Yorkshire and The Humber,195,Bradford,A65,Major,A6034,Main St,407015,449434,53.94098647,-1.89462672,2.2,1.4,Estimated,Estimated using AADF from previous year on this link,6,60,13584,44,1989,321,66,71,32,72,69,631,16308
48728,2005,8,Yorkshire and The Humber,195,Bradford,A65,Major,A6034,Main St,407015,449434,53.94098647,-1.89462672,2.2,1.4,Estimated,Estimated using AADF from previous year on this link,6,58,13489,42,2081,323,66,76,28,63,74,630,16300
48728,2006,8,Yorkshire and The Humber,195,Bradford,A65,Major,A6034,Main St,407015,449434,53.94098647,-1.89462672,2.2,1.4,Estimated,Estimated using AADF from previous year on this link,6,62,13718,41,2182,332,66,82,26,57,80,643,16646
48728,2007,8,Yorkshire and The Humber,195,Bradford,A65,Major,A6034,Main St,407015,449434,53.94098647,-1.89462672,2.2,1.4,Estimated,Estimated using AADF from previous year on this link,6,62,13622,39,2417,338,66,92,22,55,83,656,16796
48728,2008,8,Yorkshire and The Humber,195,Bradford,A65,Major,A6034,Main St,407015,449434,53.94098647,-1.89462672,2.2,1.4,Estimated,Estimated using AADF from previous year on this link,6,60,13527,39,2422,329,74,96,21,51,87,658,16706
48728,2009,8,Yorkshire and The Humber,195,Bradford,A65,Major,A6034,Main St,407015,449434,53.94098647,-1.89462672,2.2,1.4,Counted,Manual count,13,122,12645,77,1660,227,47,74,70,65,68,551,15055
48728,2010,8,Yorkshire and The Humber,195,Bradford,A65,Major,A6034,Main St,407015,449434,53.94098647,-1.89462672,2.2,1.4,Counted,Manual count,8,39,12371,86,1608,163,50,42,19,58,54,386,14490
48728,2011,8,Yorkshire and The Humber,195,Bradford,A65,Major,A6034,Main St,407015,449434,53.94098647,-1.89462672,2.2,1.4,Estimated,Estimated using AADF from previous year on this link,7,39,12297,86,1645,160,53,47,14,57,56,387,14454
48728,2012,8,Yorkshire and The Humber,195,Bradford,A65,Major,A6034,Main St,407015,449434,53.94098647,-1.89462672,2.2,1.4,Counted,Manual count,17,77,12789,84,1481,192,45,66,33,43,46,425,14855
48728,2013,8,Yorkshire and The Humber,195,Bradford,A65,Major,A6034,Main St,407015,449434,53.94098647,-1.89462672,2.2,1.4,Estimated,Estimated using AADF from previous year on this link,17,81,12636,87,1572,195,49,76,25,43,48,437,14813
48728,2014,8,Yorkshire and The Humber,195,Bradford,A65,Major,A6034,Main St,407015,449434,53.94098647,-1.89462672,2.2,1.4,Estimated,Estimated using AADF from previous year on this link,14,83,12927,98,1687,187,51,78,26,39,51,432,15228
48728,2015,8,Yorkshire and The Humber,195,Bradford,A65,Major,A6034,Main St,407015,449434,53.94098647,-1.89462672,2.2,1.4,Estimated,Estimated using AADF from previous year on this link,13,86,13317,96,1876,195,58,82,33,41,53,461,15836
48728,2016,8,Yorkshire and The Humber,195,Bradford,A65,Major,A6034,Main St,407015,449434,53.94098647,-1.89462672,2.2,1.4,Estimated,Estimated using AADF from previous year on this link,13,86,13483,95,2026,205,55,94,34,38,55,480,16170
48728,2017,8,Yorkshire and The Humber,195,Bradford,A65,Major,A6034,Main St,407015,449434,53.94098647,-1.89462672,2.2,1.4,Counted,Manual count,3,32,7287,34,1001,88,27,80,50,57,45,346,8700
48728,2018,8,Yorkshire and The Humber,195,Bradford,A65,Major,A6034,Main St,407015,449434,53.94098647,-1.89462672,2.2,1.4,Estimated,Estimated using AADF from previous year on this link,3,32,7252,32,1048,89,28,85,50,57,45,354,8717
48728,2019,8,Yorkshire and The Humber,195,Bradford,A65,Major,A6034,Main St,407015,449434,53.94098647,-1.89462672,2.2,1.4,Estimated,Estimated using AADF from previous year on this link,3,34,7268,31,1044,88,29,88,50,57,45,357,8735
48728,2020,8,Yorkshire and The Humber,195,Bradford,A65,Major,A6034,Main St,407015,449434,53.94098647,-1.89462672,2.2,1.4,Estimated,Estimated using AADF from previous year on this link,4,25,5308,20,894,79,25,77,45,52,40,319,6566
48728,2021,8,Yorkshire and The Humber,195,Bradford,A65,Major,A6034,Main St,407015,449434,53.94098647,-1.89462672,2.2,1.4,Estimated,Estimated using AADF from previous year on this link,3,26,5804,24,1024,86,27,84,48,55,42,343,7220
48728,2022,8,Yorkshire and The Humber,195,Bradford,A65,Major,A6034,Main St,407015,449434,53.94098647,-1.89462672,2.2,1.4,Estimated,Estimated using AADF from previous year on this link,3,29,6230,26,1140,89,28,86,50,57,44,353,7778
48728,2023,8,Yorkshire and The Humber,195,Bradford,A65,Major,A6034,Main St,407015,449434,53.94098647,-1.89462672,2.2,1.4,Estimated,Estimated using AADF from previous year on this link,3,27,6384,25,1163,89,26,81,49,57,41,343,7942
48728,2024,8,Yorkshire and The Humber,195,Bradford,A65,Major,A6034,Main St,407015,449434,53.94098647,-1.89462672,2.2,1.4,Estimated,Estimated using AADF from previous year on this link,3,27,6461,25,1184,89,26,81,49,56,40,341,8037
48728,2025,8,Yorkshire and The Humber,195,Bradford,A65,Major,A6034,Main St,406693,449565,53.94216804,-1.89952914,2.2,1.4,Estimated,Estimated using AADF from previous year on this link,3,28,6530,25,1209,89,26,82,49,56,40,342,8133
56485,2000,8,Yorkshire and The Humber,195,Bradford,A65,Major,B6382 West,A660,415000,447200,53.92074062,-1.77309581,4.4,2.7,Counted,Manual count,91,120,19882,229,2318,300,86,79,73,130,59,727,23276
56485,2001,8,Yorkshire and The Humber,195,Bradford,A65,Major,B6382 West,A660,415000,447200,53.92074062,-1.77309581,4.4,2.7,Counted,Manual count,71,162,19924,187,2310,448,64,95,43,89,36,775,23358
56485,2002,8,Yorkshire and The Humber,195,Bradford,A65,Major,B6382 West,A660,415000,447200,53.92074062,-1.77309581,4.4,2.7,Counted,Manual count,121,152,22808,212,2440,376,87,68,75,99,75,780,26392
56485,2003,8,Yorkshire and The Humber,195,Bradford,A65,Major,B6382 West,A660,415000,447200,53.92074062,-1.77309581,4.4,2.7,Estimated,Estimated using AADF from previous year on this link,101,165,23310,210,2701,391,96,77,72,89,83,808,27194
56485,2004,8,Yorkshire and The Humber,195,Bradford,A65,Major,B6382 West,A660,415000,447200,53.92074062,-1.77309581,4.4,2.7,Counted,Manual count,27,127,20296,197,2356,331,62,98,42,117,76,726,23702
56485,2005,8,Yorkshire and The Humber,195,Bradford,A65,Major,B6382 West,A660,415000,447200,53.92074062,-1.77309581,4.4,2.7,Estimated,Estimated using AADF from previous year on this link,28,122,20154,189,2464,333,61,104,38,103,81,720,23649
56485,2006,8,Yorkshire and The Humber,195,Bradford,A65,Major,B6382 West,A660,415000,447200,53.92074062,-1.77309581,4.4,2.7,Counted,Manual count,128,160,20593,275,2657,420,111,124,41,80,88,864,24549
56485,2007,8,Yorkshire and The Humber,195,Bradford,A65,Major,B6382 West,A660,415000,447200,53.92074062,-1.77309581,4.4,2.7,Estimated,Estimated using AADF from previous year on this link,130,161,20449,259,2944,428,112,139,36,77,91,883,24696
56485,2008,8,Yorkshire and The Humber,195,Bradford,A65,Major,B6382 West,A660,415000,447200,53.92074062,-1.77309581,4.4,2.7,Counted,Manual count,117,158,18964,156,2307,413,71,165,37,70,94,850,22435
56485,2009,8,Yorkshire and The Humber,195,Bradford,A65,Major,B6382 West,A660,415000,447200,53.92074062,-1.77309581,4.4,2.7,Counted,Manual count,313,132,18988,172,2346,297,62,79,39,61,63,601,22239
56485,2010,8,Yorkshire and The Humber,195,Bradford,A65,Major,B6382 West,A660,415000,447200,53.92074062,-1.77309581,4.4,2.7,Counted,Manual count,122,130,19347,201,2175,300,62,67,26,58,75,588,22441
56485,2011,8,Yorkshire and The Humber,195,Bradford,A65,Major,B6382 West,A660,415000,447200,53.92074062,-1.77309581,4.4,2.7,Estimated,Estimated using AADF from previous year on this link,107,128,19231,203,2225,294,66,74,20,56,78,588,22375
56485,2012,8,Yorkshire and The Humber,195,Bradford,A65,Major,B6382 West,A660,415000,447200,53.92074062,-1.77309581,4.4,2.7,Counted,Manual count,138,126,19023,160,2295,287,62,84,28,66,50,576,22180
56485,2013,8,Yorkshire and The Humber,195,Bradford,A65,Major,B6382 West,A660,415000,447200,53.92074062,-1.77309581,4.4,2.7,Estimated,Estimated using AADF from previous year on this link,137,133,18796,165,2437,292,68,96,21,65,52,595,22126
56485,2014,8,Yorkshire and The Humber,195,Bradford,A65,Major,B6382 West,A660,415000,447200,53.92074062,-1.77309581,4.4,2.7,Estimated,Estimated using AADF from previous year on this link,109,137,19229,186,2616,279,70,98,21,60,56,585,22753
56485,2015,8,Yorkshire and The Humber,195,Bradford,A65,Major,B6382 West,A660,415000,447200,53.92074062,-1.77309581,4.4,2.7,Estimated,Estimated using AADF from previous year on this link,109,142,19809,182,2907,292,79,103,27,62,58,622,23662
56485,2016,8,Yorkshire and The Humber,195,Bradford,A65,Major,B6382 West,A660,415000,447200,53.92074062,-1.77309581,4.4,2.7,Estimated,Estimated using AADF from previous year on this link,108,142,20055,180,3140,306,76,119,28,58,60,647,24163
56485,2017,8,Yorkshire and The Humber,195,Bradford,A65,Major,B6382 West,A660,415000,447200,53.92074062,-1.77309581,4.4,2.7,Counted,Manual count,213,80,19937,191,3215,249,55,58,60,55,76,553,23976
56485,2018,8,Yorkshire and The Humber,195,Bradford,A65,Major,B6382 West,A660,415000,447200,53.92074062,-1.77309581,4.4,2.7,Estimated,Estimated using AADF from previous year on this link,208,78,19842,181,3367,252,56,62,60,55,77,562,24031
56485,2019,8,Yorkshire and The Humber,195,Bradford,A65,Major,B6382 West,A660,415000,447200,53.92074062,-1.77309581,4.4,2.7,Estimated,Estimated using AADF from previous year on this link,252,84,19886,179,3355,250,59,64,61,55,76,565,24069
56485,2020,8,Yorkshire and The Humber,195,Bradford,A65,Major,B6382 West,A660,415000,447200,53.92074062,-1.77309581,4.4,2.7,Counted,Manual count,404,81,13542,94,2755,366,72,184,17,35,77,751,17223
56485,2021,8,Yorkshire and The Humber,195,Bradford,A65,Major,B6382 West,A660,415000,447200,53.92074062,-1.77309581,4.4,2.7,Estimated,Estimated using AADF from previous year on this link,302,84,14808,111,3155,399,77,201,18,37,81,812,18971
56485,2022,8,Yorkshire and The Humber,195,Bradford,A65,Major,B6382 West,A660,415000,447200,53.92074062,-1.77309581,4.4,2.7,Estimated,Estimated using AADF from previous year on this link,295,93,15894,119,3514,410,80,205,19,38,84,835,20455
56485,2023,8,Yorkshire and The Humber,195,Bradford,A65,Major,B6382 West,A660,415000,447200,53.92074062,-1.77309581,4.4,2.7,Estimated,Estimated using AADF from previous year on this link,280,87,16287,118,3583,411,75,192,18,38,79,813,20888
56485,2024,8,Yorkshire and The Humber,195,Bradford,A65,Major,B6382 West,A660,415000,447200,53.92074062,-1.77309581,4.4,2.7,Counted,Manual count,122,98,14817,97,2475,162,48,52,21,16,93,392,17878
56485,2025,8,Yorkshire and The Humber,195,Bradford,A65,Major,B6382 West,A660,415000,447200,53.92074062,-1.77309581,4.4,2.7,Estimated,Estimated using AADF from previous year on this link,127,101,14975,96,2527,161,49,53,21,16,92,393,18092
56848,2000,8,Yorkshire and The Humber,195,Bradford,A647,Major,A650,A6177,418000,432920,53.79230046,-1.72824952,1.7,1.1,Counted,Manual count,29,145,17799,382,2181,804,29,22,38,60,24,977,21484
56848,2001,8,Yorkshire and The Humber,195,Bradford,A647,Major,A650,A6177,418000,432920,53.79230046,-1.72824952,1.7,1.1,Estimated,Estimated using AADF from previous year on this link,27,150,18155,389,2172,788,34,22,33,51,27,955,21821
56848,2002,8,Yorkshire and The Humber,195,Bradford,A647,Major,A650,A6177,418000,432920,53.79230046,-1.72824952,1.7,1.1,Counted,Manual count,33,74,17511,435,2061,358,43,23,31,53,28,536,20617
56848,2003,8,Yorkshire and The Humber,195,Bradford,A647,Major,A650,A6177,418000,432920,53.79230046,-1.72824952,1.7,1.1,Counted,Manual count,59,81,17289,433,1917,427,43,27,24,55,56,632,20352
56848,2004,8,Yorkshire and The Humber,195,Bradford,A647,Major,A650,A6177,418000,432920,53.79230046,-1.72824952,1.7,1.1,Estimated,Estimated using AADF from previous year on this link,48,71,17323,403,1901,429,45,29,24,49,62,638,20336
56848,2005,8,Yorkshire and The Humber,195,Bradford,A647,Major,A650,A6177,418000,432920,53.79230046,-1.72824952,1.7,1.1,Counted,Manual count,32,49,18446,482,2089,336,45,29,23,51,32,516,21582
56848,2006,8,Yorkshire and The Humber,195,Bradford,A647,Major,A650,A6177,418000,432920,53.79230046,-1.72824952,1.7,1.1,Estimated,Estimated using AADF from previous year on this link,49,51,18501,474,2122,344,44,32,21,45,35,521,21669
56848,2007,8,Yorkshire and The Humber,195,Bradford,A647,Major,A650,A6177,418000,432920,53.79230046,-1.72824952,1.7,1.1,Counted,Manual count,26,86,18091,431,2204,307,42,23,21,63,21,477,21289
56848,2008,8,Yorkshire and The Humber,195,Bradford,A647,Major,A650,A6177,418000,432920,53.79230046,-1.72824952,1.7,1.1,Estimated,Estimated using AADF from previous year on this link,30,81,17747,435,2307,295,46,24,18,56,21,460,21030
56848,2009,8,Yorkshire and The Humber,195,Bradford,A647,Major,A650,A6177,418000,432920,53.79230046,-1.72824952,1.7,1.1,Estimated,Estimated using AADF from previous year on this link,30,76,17463,425,2499,284,48,24,17,49,21,443,20906
56848,2010,8,Yorkshire and The Humber,195,Bradford,A647,Major,A650,A6177,418000,432920,53.79230046,-1.72824952,1.7,1.1,Estimated,Estimated using AADF from previous year on this link,30,70,17096,447,2512,282,46,20,18,43,20,429,20554
56848,2011,8,Yorkshire and The Humber,195,Bradford,A647,Major,A650,A6177,418000,432920,53.79230046,-1.72824952,1.7,1.1,Counted,Manual count,50,66,16518,446,1931,247,57,21,10,43,26,404,19365
56848,2012,8,Yorkshire and The Humber,195,Bradford,A647,Major,A650,A6177,418000,432920,53.79230046,-1.72824952,1.7,1.1,Estimated,Estimated using AADF from previous year on this link,47,63,16260,485,1954,250,62,24,7,38,25,406,19168
56848,2013,8,Yorkshire and The Humber,195,Bradford,A647,Major,A650,A6177,418000,432920,53.79230046,-1.72824952,1.7,1.1,Estimated,Estimated using AADF from previous year on this link,47,70,16117,507,2031,252,68,27,5,36,25,413,19138
56848,2014,8,Yorkshire and The Humber,195,Bradford,A647,Major,A650,A6177,418000,432920,53.79230046,-1.72824952,1.7,1.1,Estimated,Estimated using AADF from previous year on this link,45,67,16554,488,2172,258,75,30,5,30,24,421,19702
56848,2015,8,Yorkshire and The Humber,195,Bradford,A647,Major,A650,A6177,418000,432920,53.79230046,-1.72824952,1.7,1.1,Estimated,Estimated using AADF from previous year on this link,42,59,16882,526,2277,245,77,28,5,29,23,407,20151
56848,2016,8,Yorkshire and The Humber,195,Bradford,A647,Major,A650,A6177,418000,432920,53.79230046,-1.72824952,1.7,1.1,Counted,Manual count,76,78,15055,354,1651,230,50,16,16,51,28,390,17528
56848,2017,8,Yorkshire and The Humber,195,Bradford,A647,Major,A650,A6177,418000,432920,53.79230046,-1.72824952,1.7,1.1,Estimated,Estimated using AADF from previous year on this link,73,79,14944,331,1738,228,51,17,16,50,29,391,17483
56848,2018,8,Yorkshire and The Humber,195,Bradford,A647,Major,A650,A6177,418000,432920,53.79230046,-1.72824952,1.7,1.1,Estimated,Estimated using AADF from previous year on this link,80,78,14780,300,1771,230,51,16,17,52,30,396,17324
56848,2019,8,Yorkshire and The Humber,195,Bradford,A647,Major,A650,A6177,418000,432920,53.79230046,-1.72824952,1.7,1.1,Estimated,Estimated using AADF from previous year on this link,88,73,14965,303,1755,227,52,16,17,54,30,395,17492
56848,2020,8,Yorkshire and The Humber,195,Bradford,A647,Major,A650,A6177,418000,432920,53.79230046,-1.72824952,1.7,1.1,Estimated,Estimated using AADF from previous year on this link,101,54,11367,191,1549,200,45,14,15,47,26,347,13509
56848,2021,8,Yorkshire and The Humber,195,Bradford,A647,Major,A650,A6177,418000,432920,53.79230046,-1.72824952,1.7,1.1,Estimated,Estimated using AADF from previous year on this link,82,57,12523,198,1689,214,48,16,16,51,28,372,14839
56848,2022,8,Yorkshire and The Humber,195,Bradford,A647,Major,A650,A6177,418000,432920,53.79230046,-1.72824952,1.7,1.1,Estimated,Estimated using AADF from previous year on this link,74,62,13376,212,1831,221,50,17,16,52,29,384,15866
56848,2023,8,Yorkshire and The Humber,195,Bradford,A647,Major,A650,A6177,418000,432920,53.79230046,-1.72824952,1.7,1.1,Estimated,Estimated using AADF from previous year on this link,72,61,13628,214,1862,218,49,17,16,51,28,378,16144
56848,2024,8,Yorkshire and The Humber,195,Bradford,A647,Major,A650,A6177,418000,432920,53.79230046,-1.72824952,1.7,1.1,Counted,Manual count,62,22,15465,254,1757,157,27,18,6,41,16,265,17762
56848,2025,8,Yorkshire and The Humber,195,Bradford,A647,Major,A650,A6177,418000,432920,53.79230046,-1.72824952,1.7,1.1,Estimated,Estimated using AADF from previous year on this link,62,22,15484,248,1793,156,27,18,6,40,16,263,17809
57030,2000,8,Yorkshire and The Humber,195,Bradford,A6177,Major,A647,A641,415000,431100,53.77603677,-1.77387547,1.9,1.2,Counted,Manual count,34,97,14713,79,2340,464,64,49,105,231,116,1029,18258
57030,2001,8,Yorkshire and The Humber,195,Bradford,A6177,Major,A647,A641,415000,431100,53.77603677,-1.77387547,1.9,1.2,Estimated,Estimated using AADF from previous year on this link,32,101,14257,83,2356,443,71,47,85,183,120,949,17746
57030,2002,8,Yorkshire and The Humber,195,Bradford,A6177,Major,A647,A641,415000,431100,53.77603677,-1.77387547,1.9,1.2,Counted,Manual count,31,131,15664,97,2395,534,61,15,76,216,110,1012,19299
57030,2003,8,Yorkshire and The Humber,195,Bradford,A6177,Major,A647,A641,415000,431100,53.77603677,-1.77387547,1.9,1.2,Estimated,Estimated using AADF from previous year on this link,28,187,15085,94,2601,517,63,15,73,193,122,983,18950
57030,2004,8,Yorkshire and The Humber,195,Bradford,A6177,Major,A647,A641,415000,431100,53.77603677,-1.77387547,1.9,1.2,Estimated,Estimated using AADF from previous year on this link,23,122,15280,78,2864,630,80,21,74,181,143,1129,19473
57030,2005,8,Yorkshire and The Humber,195,Bradford,A6177,Major,A647,A641,415000,431100,53.77603677,-1.77387547,1.9,1.2,Estimated,Estimated using AADF from previous year on this link,19,101,14578,73,3052,682,85,24,60,146,139,1136,18940
57030,2006,8,Yorkshire and The Humber,195,Bradford,A6177,Major,A647,A641,415000,431100,53.77603677,-1.77387547,1.9,1.2,Counted,Manual count,39,88,16253,107,2609,465,89,110,82,215,125,1086,20143
57030,2007,8,Yorkshire and The Humber,195,Bradford,A6177,Major,A647,A641,415000,431100,53.77603677,-1.77387547,1.9,1.2,Estimated,Estimated using AADF from previous year on this link,24,82,16712,109,2790,475,91,124,73,209,132,1104,20797
57030,2008,8,Yorkshire and The Humber,195,Bradford,A6177,Major,A647,A641,415000,431100,53.77603677,-1.77387547,1.9,1.2,Estimated,Estimated using AADF from previous year on this link,27,76,16395,110,2921,456,98,126,63,184,129,1056,20558
57030,2009,8,Yorkshire and The Humber,195,Bradford,A6177,Major,A647,A641,415000,431100,53.77603677,-1.77387547,1.9,1.2,Counted,Manual count,62,83,16727,132,2597,350,71,53,53,202,102,831,20370
57030,2010,8,Yorkshire and The Humber,195,Bradford,A6177,Major,A647,A641,415000,431100,53.77603677,-1.77387547,1.9,1.2,Estimated,Estimated using AADF from previous year on this link,62,77,16376,138,2610,347,67,43,57,176,94,784,19985
57030,2011,8,Yorkshire and The Humber,195,Bradford,A6177,Major,A647,A641,415000,431100,53.77603677,-1.77387547,1.9,1.2,Estimated,Estimated using AADF from previous year on this link,69,65,16327,130,2913,353,74,49,46,182,104,808,20243
57030,2012,8,Yorkshire and The Humber,195,Bradford,A6177,Major,A647,A641,415000,431100,53.77603677,-1.77387547,1.9,1.2,Estimated,Estimated using AADF from previous year on this link,65,59,16258,140,2797,312,71,49,33,169,103,737,19991
57030,2013,8,Yorkshire and The Humber,195,Bradford,A6177,Major,A647,A641,415000,431100,53.77603677,-1.77387547,1.9,1.2,Counted,Manual count,53,52,15275,84,2693,288,63,49,22,93,61,577,18681
57030,2014,8,Yorkshire and The Humber,195,Bradford,A6177,Major,A647,A641,415000,431100,53.77603677,-1.77387547,1.9,1.2,Estimated,Estimated using AADF from previous year on this link,52,50,15689,81,2880,295,70,53,19,76,58,572,19272
57030,2015,8,Yorkshire and The Humber,195,Bradford,A6177,Major,A647,A641,415000,431100,53.77603677,-1.77387547,1.9,1.2,Estimated,Estimated using AADF from previous year on this link,48,44,15999,87,3020,280,72,51,23,73,56,555,19706
57030,2016,8,Yorkshire and The Humber,195,Bradford,A6177,Major,A647,A641,415000,431100,53.77603677,-1.77387547,1.9,1.2,Estimated,Estimated using AADF from previous year on this link,45,43,16249,81,3299,284,71,57,24,65,55,556,20228
57030,2017,8,Yorkshire and The Humber,195,Bradford,A6177,Major,A647,A641,415000,431100,53.77603677,-1.77387547,1.9,1.2,Estimated,Estimated using AADF from previous year on this link,43,44,16129,75,3473,282,73,58,25,65,57,560,20281
57030,2018,8,Yorkshire and The Humber,195,Bradford,A6177,Major,A647,A641,415006,431115,53.77617142,-1.77378371,1.9,1.2,Counted,Manual count,67,57,14607,63,2352,293,31,23,40,124,96,607,17686
57030,2019,8,Yorkshire and The Humber,195,Bradford,A6177,Major,A647,A641,415006,431115,53.77617142,-1.77378371,1.9,1.2,Estimated,Estimated using AADF from previous year on this link,74,53,14790,64,2331,290,31,23,40,128,96,609,17847
57030,2020,8,Yorkshire and The Humber,195,Bradford,A6177,Major,A647,A641,415006,431115,53.77617142,-1.77378371,1.9,1.2,Estimated,Estimated using AADF from previous year on this link,84,39,11235,40,2058,255,27,21,35,113,84,534,13906
57030,2021,8,Yorkshire and The Humber,195,Bradford,A6177,Major,A647,A641,415006,431115,53.77617142,-1.77378371,1.9,1.2,Estimated,Estimated using AADF from previous year on this link,69,42,12377,42,2243,273,29,22,37,121,90,572,15275
57030,2022,8,Yorkshire and The Humber,195,Bradford,A6177,Major,A647,A641,415006,431115,53.77617142,-1.77378371,1.9,1.2,Estimated,Estimated using AADF from previous year on this link,62,46,13220,45,2432,282,30,24,39,124,92,591,16332
57030,2023,8,Yorkshire and The Humber,195,Bradford,A6177,Major,A647,A641,415006,431115,53.77617142,-1.77378371,1.9,1.2,Estimated,Estimated using AADF from previous year on this link,61,45,13469,45,2473,279,30,24,39,121,88,580,16611
57030,2024,8,Yorkshire and The Humber,195,Bradford,A6177,Major,A647,A641,415006,431115,53.77617142,-1.77378371,1.9,1.2,Estimated,Estimated using AADF from previous year on this link,61,46,13673,45,2517,283,30,23,38,117,85,576,16857
57030,2025,8,Yorkshire and The Humber,195,Bradford,A6177,Major,A647,A641,415006,431115,53.77617142,-1.77378371,1.9,1.2,Estimated,Estimated using AADF from previous year on this link,62,47,13689,44,2569,280,30,24,39,114,84,570,16919
57417,2000,8,Yorkshire and The Humber,195,Bradford,A641,Major,A58,A6036,415000,426800,53.73738874,-1.77408282,4.0,2.5,Counted,Manual count,47,104,11932,230,1678,289,47,19,30,31,21,437,14381
57417,2001,8,Yorkshire and The Humber,195,Bradford,A641,Major,A58,A6036,415000,426800,53.73738874,-1.77408282,4.0,2.5,Estimated,Estimated using AADF from previous year on this link,45,109,11562,240,1690,275,52,19,24,24,21,415,14016
57417,2002,8,Yorkshire and The Humber,195,Bradford,A641,Major,A58,A6036,415000,426800,53.73738874,-1.77408282,4.0,2.5,Counted,Manual count,22,72,12063,178,1792,272,46,25,13,33,27,416,14521
57417,2003,8,Yorkshire and The Humber,195,Bradford,A641,Major,A58,A6036,415000,426800,53.73738874,-1.77408282,4.0,2.5,Counted,Manual count,45,108,11910,230,1651,310,44,27,19,35,29,464,14363
57417,2004,8,Yorkshire and The Humber,195,Bradford,A641,Major,A58,A6036,415000,426800,53.73738874,-1.77408282,4.0,2.5,Counted,Manual count,21,225,12773,194,1754,308,48,47,19,45,14,481,15427
57417,2005,8,Yorkshire and The Humber,195,Bradford,A641,Major,A58,A6036,415000,426800,53.73738874,-1.77408282,4.0,2.5,Counted,Manual count,29,149,12109,207,1557,256,32,22,15,18,15,358,14380
57417,2006,8,Yorkshire and The Humber,195,Bradford,A641,Major,A58,A6036,415000,426800,53.73738874,-1.77408282,4.0,2.5,Counted,Manual count,15,116,12664,227,1937,295,43,88,30,63,17,536,15480
57417,2007,8,Yorkshire and The Humber,195,Bradford,A641,Major,A58,A6036,415000,426800,53.73738874,-1.77408282,4.0,2.5,Counted,Manual count,21,151,13329,192,1880,336,32,59,16,62,10,515,16067
57417,2008,8,Yorkshire and The Humber,195,Bradford,A641,Major,A58,A6036,415000,426800,53.73738874,-1.77408282,4.0,2.5,Counted,Manual count,70,106,11421,198,1637,268,46,54,20,45,11,444,13806
57417,2009,8,Yorkshire and The Humber,195,Bradford,A641,Major,A58,A6036,415000,426800,53.73738874,-1.77408282,4.0,2.5,Estimated,Estimated using AADF from previous year on this link,70,118,11672,196,1662,244,46,51,18,39,11,409,14057
57417,2010,8,Yorkshire and The Humber,195,Bradford,A641,Major,A58,A6036,415000,426800,53.73738874,-1.77408282,4.0,2.5,Estimated,Estimated using AADF from previous year on this link,70,112,11602,222,1775,259,46,44,22,37,11,419,14130
57417,2011,8,Yorkshire and The Humber,195,Bradford,A641,Major,A58,A6036,415000,426800,53.73738874,-1.77408282,4.0,2.5,Estimated,Estimated using AADF from previous year on this link,77,95,11567,209,1981,263,50,51,18,38,12,432,14284
57417,2012,8,Yorkshire and The Humber,195,Bradford,A641,Major,A58,A6036,415000,426800,53.73738874,-1.77408282,4.0,2.5,Estimated,Estimated using AADF from previous year on this link,73,91,11387,227,2004,266,54,58,13,34,11,436,14145
57417,2013,8,Yorkshire and The Humber,195,Bradford,A641,Major,A58,A6036,415000,426800,53.73738874,-1.77408282,4.0,2.5,Estimated,Estimated using AADF from previous year on this link,72,101,11286,238,2083,268,59,66,9,32,12,447,14155
57417,2014,8,Yorkshire and The Humber,195,Bradford,A641,Major,A58,A6036,415000,426800,53.73738874,-1.77408282,4.0,2.5,Estimated,Estimated using AADF from previous year on this link,70,97,11592,229,2228,275,66,72,8,26,11,458,14604
57417,2015,8,Yorkshire and The Humber,195,Bradford,A641,Major,A58,A6036,415000,426800,53.73738874,-1.77408282,4.0,2.5,Estimated,Estimated using AADF from previous year on this link,65,85,11822,246,2336,260,67,69,10,25,11,442,14932
57417,2016,8,Yorkshire and The Humber,195,Bradford,A641,Major,A58,A6036,415000,426800,53.73738874,-1.77408282,4.0,2.5,Counted,Manual count,76,99,10510,191,1471,137,41,21,12,31,15,257,12529
57417,2017,8,Yorkshire and The Humber,195,Bradford,A641,Major,A58,A6036,415000,426800,53.73738874,-1.77408282,4.0,2.5,Estimated,Estimated using AADF from previous year on this link,73,100,10432,179,1549,136,42,22,13,31,15,258,12518
57417,2018,8,Yorkshire and The Humber,195,Bradford,A641,Major,A58,A6036,415000,426800,53.73738874,-1.77408282,4.0,2.5,Estimated,Estimated using AADF from previous year on this link,81,99,10318,162,1578,137,41,21,13,32,16,261,12417
57417,2019,8,Yorkshire and The Humber,195,Bradford,A641,Major,A58,A6036,415000,426800,53.73738874,-1.77408282,4.0,2.5,Estimated,Estimated using AADF from previous year on this link,88,93,10447,164,1564,135,42,21,13,33,16,261,12528
57417,2020,8,Yorkshire and The Humber,195,Bradford,A641,Major,A58,A6036,415000,426800,53.73738874,-1.77408282,4.0,2.5,Estimated,Estimated using AADF from previous year on this link,101,69,7935,103,1380,119,36,19,12,29,14,229,9717
57417,2021,8,Yorkshire and The Humber,195,Bradford,A641,Major,A58,A6036,415000,426800,53.73738874,-1.77408282,4.0,2.5,Estimated,Estimated using AADF from previous year on this link,83,73,8742,107,1504,127,39,21,12,31,15,246,10672
57417,2022,8,Yorkshire and The Humber,195,Bradford,A641,Major,A58,A6036,415000,426800,53.73738874,-1.77408282,4.0,2.5,Estimated,Estimated using AADF from previous year on this link,74,80,9338,115,1631,132,41,22,13,32,15,254,11417
57417,2023,8,Yorkshire and The Humber,195,Bradford,A641,Major,A58,A6036,415000,426800,53.73738874,-1.77408282,4.0,2.5,Estimated,Estimated using AADF from previous year on this link,73,78,9513,116,1659,130,40,22,13,31,15,250,11617
57417,2024,8,Yorkshire and The Humber,195,Bradford,A641,Major,A58,A6036,415000,426800,53.73738874,-1.77408282,4.0,2.5,Counted,Manual count,44,60,8967,118,1208,94,20,8,5,20,29,175,10528
57417,2025,8,Yorkshire and The Humber,195,Bradford,A641,Major,A58,A6036,415000,426800,53.73738874,-1.77408282,4.0,2.5,Estimated,Estimated using AADF from previous year on this link,45,61,8978,115,1233,93,20,8,5,20,28,173,10561
57437,2000,8,Yorkshire and The Humber,195,Bradford,A647,Major,A6177,A6177,414630,432000,53.78413624,-1.7794474,0.7,0.4,Estimated,Estimated using AADF from previous year on this link,47,54,13633,329,1798,385,23,7,39,37,30,521,16335
57437,2001,8,Yorkshire and The Humber,195,Bradford,A647,Major,A6177,A6177,414630,432000,53.78413624,-1.7794474,0.7,0.4,Estimated,Estimated using AADF from previous year on this link,45,56,13211,345,1811,367,26,7,32,30,31,493,15916
57437,2002,8,Yorkshire and The Humber,195,Bradford,A647,Major,A6177,A6177,414630,432000,53.78413624,-1.7794474,0.7,0.4,Counted,Manual count,19,129,12197,403,1473,288,45,6,17,41,23,420,14622
57437,2003,8,Yorkshire and The Humber,195,Bradford,A647,Major,A6177,A6177,414630,432000,53.78413624,-1.7794474,0.7,0.4,Estimated,Estimated using AADF from previous year on this link,17,183,11746,392,1599,279,46,6,17,37,25,410,14330
57437,2004,8,Yorkshire and The Humber,195,Bradford,A647,Major,A6177,A6177,414630,432000,53.78413624,-1.7794474,0.7,0.4,Estimated,Estimated using AADF from previous year on this link,14,120,11899,321,1762,340,59,9,17,34,30,489,14591
57437,2005,8,Yorkshire and The Humber,195,Bradford,A647,Major,A6177,A6177,414630,432000,53.78413624,-1.7794474,0.7,0.4,Estimated,Estimated using AADF from previous year on this link,11,99,11351,303,1877,368,62,9,14,28,29,510,14140
57437,2006,8,Yorkshire and The Humber,195,Bradford,A647,Major,A6177,A6177,414630,432000,53.78413624,-1.7794474,0.7,0.4,Estimated,Estimated using AADF from previous year on this link,19,86,11135,281,1906,355,59,10,10,22,28,484,13892
57437,2007,8,Yorkshire and The Humber,195,Bradford,A647,Major,A6177,A6177,414630,432000,53.78413624,-1.7794474,0.7,0.4,Estimated,Estimated using AADF from previous year on this link,11,82,10957,256,2007,330,55,10,9,19,26,449,13751
57437,2008,8,Yorkshire and The Humber,195,Bradford,A647,Major,A6177,A6177,414630,432000,53.78413624,-1.7794474,0.7,0.4,Estimated,Estimated using AADF from previous year on this link,13,79,10717,222,2049,330,61,11,7,16,25,450,13517
57437,2009,8,Yorkshire and The Humber,195,Bradford,A647,Major,A6177,A6177,414630,432000,53.78413624,-1.7794474,0.7,0.4,Estimated,Estimated using AADF from previous year on this link,13,88,10952,220,2080,300,61,11,7,14,25,418,13758
57437,2010,8,Yorkshire and The Humber,195,Bradford,A647,Major,A6177,A6177,414630,432000,53.78413624,-1.7794474,0.7,0.4,Estimated,Estimated using AADF from previous year on this link,13,84,10887,249,2222,319,61,10,9,14,25,438,13880
57437,2011,8,Yorkshire and The Humber,195,Bradford,A647,Major,A6177,A6177,414630,432000,53.78413624,-1.7794474,0.7,0.4,Counted,Manual count,32,45,12192,333,1563,142,30,10,8,38,17,245,14378
57437,2012,8,Yorkshire and The Humber,195,Bradford,A647,Major,A6177,A6177,414630,432000,53.78413624,-1.7794474,0.7,0.4,Estimated,Estimated using AADF from previous year on this link,30,43,12002,362,1582,144,33,11,6,34,16,243,14232
57437,2013,8,Yorkshire and The Humber,195,Bradford,A647,Major,A6177,A6177,414630,432000,53.78413624,-1.7794474,0.7,0.4,Estimated,Estimated using AADF from previous year on this link,30,48,11896,379,1644,145,36,13,4,32,16,246,14212
57437,2014,8,Yorkshire and The Humber,195,Bradford,A647,Major,A6177,A6177,414630,432000,53.78413624,-1.7794474,0.7,0.4,Estimated,Estimated using AADF from previous year on this link,29,46,12219,364,1758,148,39,14,4,26,16,247,14634
57437,2015,8,Yorkshire and The Humber,195,Bradford,A647,Major,A6177,A6177,414630,432000,53.78413624,-1.7794474,0.7,0.4,Estimated,Estimated using AADF from previous year on this link,27,40,12460,393,1843,141,40,13,4,25,15,239,14976
57437,2016,8,Yorkshire and The Humber,195,Bradford,A647,Major,A6177,A6177,414630,432000,53.78413624,-1.7794474,0.7,0.4,Estimated,Estimated using AADF from previous year on this link,25,40,12655,364,2014,143,40,15,5,22,15,240,15311
57437,2017,8,Yorkshire and The Humber,195,Bradford,A647,Major,A6177,A6177,414630,432000,53.78413624,-1.7794474,0.7,0.4,Estimated,Estimated using AADF from previous year on this link,24,40,12562,340,2120,142,41,16,5,22,15,240,15301
57437,2018,8,Yorkshire and The Humber,195,Bradford,A647,Major,A6177,A6177,414630,432000,53.78413624,-1.7794474,0.7,0.4,Estimated,Estimated using AADF from previous year on this link,27,40,12423,308,2159,143,41,15,5,23,16,242,15173
57437,2019,8,Yorkshire and The Humber,195,Bradford,A6177,Major,A6177,A6177,414630,432000,53.78413624,-1.7794474,0.7,0.4,Counted,Manual count,16,20,11642,195,1332,128,22,14,6,66,32,268,13456
57437,2020,8,Yorkshire and The Humber,195,Bradford,A6177,Major,A6177,A6177,414630,432000,53.78413624,-1.7794474,0.7,0.4,Estimated,Estimated using AADF from previous year on this link,18,15,8843,123,1175,113,19,12,5,59,28,235,10391
57437,2021,8,Yorkshire and The Humber,195,Bradford,A6177,Major,A6177,A6177,414630,432000,53.78413624,-1.7794474,0.7,0.4,Estimated,Estimated using AADF from previous year on this link,15,16,9742,127,1281,120,20,13,6,62,30,252,11418
57437,2022,8,Yorkshire and The Humber,195,Bradford,A6177,Major,A6177,A6177,414630,432000,53.78413624,-1.7794474,0.7,0.4,Estimated,Estimated using AADF from previous year on this link,13,17,10406,136,1389,125,21,14,6,64,30,260,12208
57437,2023,8,Yorkshire and The Humber,195,Bradford,A6177,Major,A6177,A6177,414630,432000,53.78413624,-1.7794474,0.7,0.4,Estimated,Estimated using AADF from previous year on this link,13,17,10601,138,1412,123,21,14,6,62,29,255,12424
57437,2024,8,Yorkshire and The Humber,195,Bradford,A6177,Major,A6177,A6177,414630,432000,53.78413624,-1.7794474,0.7,0.4,Estimated,Estimated using AADF from previous year on this link,13,18,10762,138,1438,125,21,14,6,60,28,254,12609
57437,2025,8,Yorkshire and The Humber,195,Bradford,A6177,Major,A6177,A6177,414630,432000,53.78413624,-1.7794474,0.7,0.4,Estimated,Estimated using AADF from previous year on this link,13,18,10775,135,1467,124,21,14,6,59,28,251,12646
57732,2000,8,Yorkshire and The Humber,195,Bradford,A6177,Major,A647,A658,418100,434430,53.80586867,-1.72664376,2.0,1.2,Estimated,Estimated using AADF from previous year on this link,59,109,13475,83,1856,427,46,45,75,105,96,794,16317
57732,2001,8,Yorkshire and The Humber,195,Bradford,A6177,Major,A647,A658,418100,434430,53.80586867,-1.72664376,2.0,1.2,Counted,Manual count,66,93,15115,136,1618,551,41,57,36,130,81,896,17858
57732,2002,8,Yorkshire and The Humber,195,Bradford,A6177,Major,A647,A658,418100,434430,53.80586867,-1.72664376,2.0,1.2,Estimated,Estimated using AADF from previous year on this link,68,97,15356,137,1735,521,41,59,33,113,89,856,18181
57732,2003,8,Yorkshire and The Humber,195,Bradford,A6177,Major,A647,A658,418100,434430,53.80586867,-1.72664376,2.0,1.2,Counted,Manual count,65,89,15594,69,2133,425,63,60,44,83,56,731,18616
57732,2004,8,Yorkshire and The Humber,195,Bradford,A6177,Major,A647,A658,418100,434430,53.80586867,-1.72664376,2.0,1.2,Estimated,Estimated using AADF from previous year on this link,52,59,15796,57,2348,518,81,80,45,78,65,867,19127
57732,2005,8,Yorkshire and The Humber,195,Bradford,A6177,Major,A647,A658,418100,434430,53.80586867,-1.72664376,2.0,1.2,Counted,Manual count,30,135,15147,83,2233,347,64,77,34,85,52,659,18257
57732,2006,8,Yorkshire and The Humber,195,Bradford,A6177,Major,A647,A658,418100,434430,53.80586867,-1.72664376,2.0,1.2,Estimated,Estimated using AADF from previous year on this link,47,118,14859,78,2266,335,60,78,27,66,49,615,17936
57732,2007,8,Yorkshire and The Humber,195,Bradford,A6177,Major,A647,A658,418100,434430,53.80586867,-1.72664376,2.0,1.2,Counted,Manual count,32,122,17159,80,2929,260,60,63,32,108,49,572,20862
57732,2008,8,Yorkshire and The Humber,195,Bradford,A6177,Major,A647,A658,418100,434430,53.80586867,-1.72664376,2.0,1.2,Estimated,Estimated using AADF from previous year on this link,37,113,16834,80,3067,250,64,64,27,94,49,548,20642
57732,2009,8,Yorkshire and The Humber,195,Bradford,A6177,Major,A647,A658,418100,434430,53.80586867,-1.72664376,2.0,1.2,Estimated,Estimated using AADF from previous year on this link,37,106,16565,78,3321,240,67,64,25,83,49,528,20598
57732,2010,8,Yorkshire and The Humber,195,Bradford,A6177,Major,A647,A658,418100,434430,53.80586867,-1.72664376,2.0,1.2,Estimated,Estimated using AADF from previous year on this link,37,97,16217,82,3337,238,64,52,27,73,45,499,20232
57732,2011,8,Yorkshire and The Humber,195,Bradford,A6177,Major,A647,A658,418100,434430,53.80586867,-1.72664376,2.0,1.2,Counted,Manual count,38,103,16616,85,2053,289,55,38,34,85,58,559,19416
57732,2012,8,Yorkshire and The Humber,195,Bradford,A6177,Major,A647,A658,418100,434430,53.80586867,-1.72664376,2.0,1.2,Estimated,Estimated using AADF from previous year on this link,36,98,16357,92,2077,292,60,43,24,76,55,550,19175
57732,2013,8,Yorkshire and The Humber,195,Bradford,A6177,Major,A647,A658,418100,434430,53.80586867,-1.72664376,2.0,1.2,Estimated,Estimated using AADF from previous year on this link,35,110,16212,97,2159,295,65,49,18,72,56,555,19133
57732,2014,8,Yorkshire and The Humber,195,Bradford,A6177,Major,A647,A658,418100,434430,53.80586867,-1.72664376,2.0,1.2,Estimated,Estimated using AADF from previous year on this link,34,105,16652,93,2309,302,72,54,16,59,53,555,19714
57732,2015,8,Yorkshire and The Humber,195,Bradford,A6177,Major,A647,A658,418100,434430,53.80586867,-1.72664376,2.0,1.2,Estimated,Estimated using AADF from previous year on this link,32,93,16982,100,2421,286,74,51,19,56,51,538,20133
57732,2016,8,Yorkshire and The Humber,195,Bradford,A6177,Major,A647,A658,418100,434430,53.80586867,-1.72664376,2.0,1.2,Counted,Manual count,66,87,15527,46,1990,217,43,41,24,42,42,409,18058
57732,2017,8,Yorkshire and The Humber,195,Bradford,A6177,Major,A647,A658,418100,434430,53.80586867,-1.72664376,2.0,1.2,Estimated,Estimated using AADF from previous year on this link,63,87,15412,43,2095,216,44,42,25,42,43,412,18049
57732,2018,8,Yorkshire and The Humber,195,Bradford,A6177,Major,A647,A658,418100,434430,53.80586867,-1.72664376,2.0,1.2,Estimated,Estimated using AADF from previous year on this link,69,86,15242,39,2134,217,44,41,25,43,45,416,17918
57732,2019,8,Yorkshire and The Humber,195,Bradford,A6177,Major,A647,A658,418100,434430,53.80586867,-1.72664376,2.0,1.2,Estimated,Estimated using AADF from previous year on this link,76,81,15434,39,2116,215,44,41,26,44,46,416,18086
57732,2020,8,Yorkshire and The Humber,195,Bradford,A6177,Major,A647,A658,418100,434430,53.80586867,-1.72664376,2.0,1.2,Counted,Manual count,48,18,14889,5,2345,357,93,266,34,52,66,868,18126
57732,2021,8,Yorkshire and The Humber,195,Bradford,A6177,Major,A647,A658,418100,434430,53.80586867,-1.72664376,2.0,1.2,Estimated,Estimated using AADF from previous year on this link,40,19,16403,5,2557,382,100,290,37,55,71,935,19920
57732,2022,8,Yorkshire and The Humber,195,Bradford,A6177,Major,A647,A658,418100,434430,53.80586867,-1.72664376,2.0,1.2,Estimated,Estimated using AADF from previous year on this link,35,21,17520,5,2772,396,103,308,38,56,72,975,21293
57732,2023,8,Yorkshire and The Humber,195,Bradford,A6177,Major,A647,A658,418100,434430,53.80586867,-1.72664376,2.0,1.2,Estimated,Estimated using AADF from previous year on this link,35,21,17850,6,2819,391,102,304,39,55,69,960,21654
57732,2024,8,Yorkshire and The Humber,195,Bradford,A6177,Major,A647,A658,418100,434430,53.80586867,-1.72664376,2.0,1.2,Counted,Manual count,36,43,15964,42,2019,138,94,48,12,46,44,382,18450
57732,2025,8,Yorkshire and The Humber,195,Bradford,A6177,Major,A647,A658,418100,434430,53.80586867,-1.72664376,2.0,1.2,Estimated,Estimated using AADF from previous year on this link,36,44,15983,41,2061,136,94,49,12,45,44,380,18509
57884,2000,8,Yorkshire and The Humber,195,Bradford,A650,Major,A629(T),B6265,406500,442050,53.87462733,-1.9026257,0.7,0.4,Counted,Manual count,54,142,23934,93,2740,1144,101,84,121,234,81,1765,28674
57884,2001,8,Yorkshire and The Humber,195,Bradford,A650,Major,A629(T),B6265,406500,442050,53.87462733,-1.9026257,0.7,0.4,Estimated,Estimated using AADF from previous year on this link,52,147,24413,95,2729,1121,116,84,107,201,90,1719,29103
57884,2002,8,Yorkshire and The Humber,195,Bradford,A650,Major,A629(T),B6265,406500,442050,53.87462733,-1.9026257,0.7,0.4,Estimated,Estimated using AADF from previous year on this link,54,149,24365,97,2735,1079,121,88,97,175,99,1659,29005
57884,2003,8,Yorkshire and The Humber,195,Bradford,A650,Major,A629(T),B6265,406500,442050,53.87462733,-1.9026257,0.7,0.4,Estimated,Estimated using AADF from previous year on this link,48,167,24024,86,2981,1158,137,103,93,155,109,1755,29013
57884,2004,8,Yorkshire and The Humber,195,Bradford,A650,Major,A629(T),B6265,406500,442050,53.87462733,-1.9026257,0.7,0.4,Estimated,Estimated using AADF from previous year on this link,39,147,24072,81,2955,1162,145,113,88,137,119,1764,29019
57884,2005,8,Yorkshire and The Humber,195,Bradford,A650,Major,A629(T),B6265,406500,442050,53.87462733,-1.9026257,0.7,0.4,Counted,Manual count,30,125,23565,110,3576,643,92,97,110,204,137,1283,28659
57884,2006,8,Yorkshire and The Humber,195,Bradford,A650,Major,A629(T),B6265,406500,442050,53.87462733,-1.9026257,0.7,0.4,Estimated,Estimated using AADF from previous year on this link,47,130,23636,109,3634,658,92,105,99,182,149,1285,28794
57884,2007,8,Yorkshire and The Humber,195,Bradford,A650,Major,A629(T),B6265,406500,442050,53.87462733,-1.9026257,0.7,0.4,Estimated,Estimated using AADF from previous year on this link,29,131,22525,105,3964,649,90,114,85,172,153,1263,27988
57884,2008,8,Yorkshire and The Humber,195,Bradford,A650,Major,A629(T),B6265,406500,442050,53.87462733,-1.9026257,0.7,0.4,Estimated,Estimated using AADF from previous year on this link,32,122,22097,106,4150,624,98,116,74,151,148,1211,27686
57884,2009,8,Yorkshire and The Humber,195,Bradford,A650,Major,A629(T),B6265,406500,442050,53.87462733,-1.9026257,0.7,0.4,Counted,Manual count,54,198,25080,132,3493,540,83,101,74,230,114,1142,30045
57884,2010,8,Yorkshire and The Humber,195,Bradford,A650,Major,A629(T),B6265,406500,442050,53.87462733,-1.9026257,0.7,0.4,Estimated,Estimated using AADF from previous year on this link,54,183,24554,139,3511,536,79,83,79,201,106,1084,29471
57884,2011,8,Yorkshire and The Humber,195,Bradford,A650,Major,A629(T),B6265,406500,442050,53.87462733,-1.9026257,0.7,0.4,Counted,Manual count,95,286,24856,73,3918,523,95,127,65,183,122,1115,30248
57884,2012,8,Yorkshire and The Humber,195,Bradford,A650,Major,A629(T),B6265,406500,442050,53.87462733,-1.9026257,0.7,0.4,Estimated,Estimated using AADF from previous year on this link,90,258,24751,78,3763,463,91,127,47,170,121,1018,29867
57884,2013,8,Yorkshire and The Humber,195,Bradford,A650,Major,A629(T),B6265,406500,442050,53.87462733,-1.9026257,0.7,0.4,Counted,Manual count,102,184,24331,109,3540,494,95,102,76,164,117,1047,29212
57884,2014,8,Yorkshire and The Humber,195,Bradford,A650,Major,A629(T),B6265,406500,442050,53.87462733,-1.9026257,0.7,0.4,Estimated,Estimated using AADF from previous year on this link,99,196,24079,116,4031,522,109,115,81,160,132,1118,29540
57884,2015,8,Yorkshire and The Humber,195,Bradford,A650,Major,A629(T),B6265,406500,442050,53.87462733,-1.9026257,0.7,0.4,Estimated,Estimated using AADF from previous year on this link,92,199,23637,115,4240,507,114,112,98,158,130,1120,29311
57884,2016,8,Yorkshire and The Humber,195,Bradford,A650,Major,A629(T),B6265,406500,442050,53.87462733,-1.9026257,0.7,0.4,Estimated,Estimated using AADF from previous year on this link,86,195,24006,106,4631,515,113,126,102,140,128,1124,30063
57884,2017,8,Yorkshire and The Humber,195,Bradford,A650,Major,A629(T),B6265,406500,442050,53.87462733,-1.9026257,0.7,0.4,Counted,Manual count,51,126,22133,41,3654,580,194,105,84,220,123,1305,27259
57884,2018,8,Yorkshire and The Humber,195,Bradford,A650,Major,A629(T),B6265,406500,442050,53.87462733,-1.9026257,0.8,0.5,Estimated,Estimated using AADF from previous year on this link,56,125,21889,37,3723,585,193,102,85,227,128,1320,27094
57884,2019,8,Yorkshire and The Humber,195,Bradford,A650,Major,A629(T),B6265,406500,442050,53.87462733,-1.9026257,0.8,0.5,Estimated,Estimated using AADF from previous year on this link,62,117,22163,38,3690,578,196,102,87,234,129,1325,27334
57884,2020,8,Yorkshire and The Humber,195,Bradford,A650,Major,A629(T),B6265,406500,442050,53.87462733,-1.9026257,0.8,0.5,Estimated,Estimated using AADF from previous year on this link,71,87,16835,24,3257,508,170,92,75,207,112,1163,21365
57884,2021,8,Yorkshire and The Humber,195,Bradford,A650,Major,A629(T),B6265,406500,442050,53.87462733,-1.9026257,0.8,0.5,Counted,Manual count,72,134,23945,29,4738,608,133,120,62,71,326,1319,30166
57884,2022,8,Yorkshire and The Humber,195,Bradford,A650,Major,A629(T),B6265,406500,442050,53.87462733,-1.9026257,0.8,0.5,Estimated,Estimated using AADF from previous year on this link,65,147,25576,32,5137,629,138,127,64,73,332,1364,32255
57884,2023,8,Yorkshire and The Humber,195,Bradford,A650,Major,A629(T),B6265,406500,442050,53.87462733,-1.9026257,0.8,0.5,Estimated,Estimated using AADF from previous year on this link,64,145,26057,32,5224,621,136,125,65,71,320,1338,32795
57884,2024,8,Yorkshire and The Humber,195,Bradford,A650,Major,A629(T),B6265,406500,442050,53.87462733,-1.9026257,0.8,0.5,Estimated,Estimated using AADF from previous year on this link,64,149,26451,32,5317,631,136,122,64,69,309,1331,33281
57884,2025,8,Yorkshire and The Humber,195,Bradford,A650,Major,A629(T),B6265,406500,442050,53.87462733,-1.9026257,0.8,0.5,Counted,Manual count,102,173,29548,45,4887,411,118,85,77,110,284,1084,35736
57940,2000,8,Yorkshire and The Humber,195,Bradford,A658,Major,A6176,A657,418770,436000,53.81995601,-1.71637549,1.8,1.1,Counted,Manual count,32,136,18927,160,2535,366,61,62,79,156,91,815,22573
57940,2001,8,Yorkshire and The Humber,195,Bradford,A658,Major,A6176,A657,418770,436000,53.81995601,-1.71637549,1.8,1.1,Estimated,Estimated using AADF from previous year on this link,30,141,19306,163,2525,359,70,62,69,134,102,796,22931
57940,2002,8,Yorkshire and The Humber,195,Bradford,A658,Major,A6176,A657,418770,436000,53.81995601,-1.71637549,1.8,1.1,Counted,Manual count,24,159,19227,261,2170,553,44,56,61,123,77,914,22731
57940,2003,8,Yorkshire and The Humber,195,Bradford,A658,Major,A6176,A657,418770,436000,53.81995601,-1.71637549,1.8,1.1,Estimated,Estimated using AADF from previous year on this link,22,179,18958,233,2365,593,50,65,58,109,85,960,22695
57940,2004,8,Yorkshire and The Humber,195,Bradford,A658,Major,A6176,A657,418770,436000,53.81995601,-1.71637549,1.8,1.1,Counted,Manual count,27,254,19868,240,2486,311,52,77,65,107,63,675,23523
57940,2005,8,Yorkshire and The Humber,195,Bradford,A658,Major,A6176,A657,418770,436000,53.81995601,-1.71637549,1.8,1.1,Estimated,Estimated using AADF from previous year on this link,23,256,19372,236,2551,299,48,77,57,93,66,640,23055
57940,2006,8,Yorkshire and The Humber,195,Bradford,A658,Major,A6176,A657,418770,436000,53.81995601,-1.71637549,1.8,1.1,Counted,Manual count,33,185,20158,277,2683,331,76,88,51,120,83,749,24052
57940,2007,8,Yorkshire and The Humber,195,Bradford,A658,Major,A6176,A657,418770,436000,53.81995601,-1.71637549,1.8,1.1,Estimated,Estimated using AADF from previous year on this link,21,187,19211,266,2927,327,75,95,43,114,85,739,23330
57940,2008,8,Yorkshire and The Humber,195,Bradford,A658,Major,A6176,A657,418770,436000,53.81995601,-1.71637549,1.8,1.1,Counted,Manual count,46,188,18630,327,2330,352,60,80,24,104,51,671,22146
57940,2009,8,Yorkshire and The Humber,195,Bradford,A658,Major,A6176,A657,418770,436000,53.81995601,-1.71637549,1.8,1.1,Estimated,Estimated using AADF from previous year on this link,46,177,18332,319,2524,339,62,80,22,92,51,646,21998
57940,2010,8,Yorkshire and The Humber,195,Bradford,A658,Major,A6176,A657,418770,436000,53.81995601,-1.71637549,1.8,1.1,Estimated,Estimated using AADF from previous year on this link,46,163,17947,335,2537,337,58,66,24,80,47,612,21594
57940,2011,8,Yorkshire and The Humber,195,Bradford,A658,Major,A6176,A657,418770,436000,53.81995601,-1.71637549,1.8,1.1,Estimated,Estimated using AADF from previous year on this link,51,172,17857,335,2616,335,62,75,18,78,50,618,21598
57940,2012,8,Yorkshire and The Humber,195,Bradford,A658,Major,A6176,A657,418770,436000,53.81995601,-1.71637549,1.8,1.1,Counted,Manual count,68,143,18720,238,2444,293,101,64,24,96,47,625,22170
57940,2013,8,Yorkshire and The Humber,195,Bradford,A658,Major,A6176,A657,418770,436000,53.81995601,-1.71637549,1.8,1.1,Estimated,Estimated using AADF from previous year on this link,67,143,18614,224,2472,292,108,72,17,90,47,627,22080
57940,2014,8,Yorkshire and The Humber,195,Bradford,A658,Major,A6176,A657,418770,436000,53.81995601,-1.71637549,1.8,1.1,Estimated,Estimated using AADF from previous year on this link,65,152,18421,237,2815,309,124,82,18,88,54,674,22300
57940,2015,8,Yorkshire and The Humber,195,Bradford,A658,Major,A6176,A657,418770,436000,53.81995601,-1.71637549,1.8,1.1,Estimated,Estimated using AADF from previous year on this link,60,155,18083,235,2961,300,130,79,22,86,53,671,22106
57940,2016,8,Yorkshire and The Humber,195,Bradford,A658,Major,A6176,A657,418770,436000,53.81995601,-1.71637549,1.8,1.1,Estimated,Estimated using AADF from previous year on this link,56,151,18365,218,3235,304,129,90,23,77,52,675,22644
57940,2017,8,Yorkshire and The Humber,195,Bradford,A658,Major,A6176,A657,418770,436000,53.81995601,-1.71637549,1.8,1.1,Estimated,Estimated using AADF from previous year on this link,54,153,18230,204,3405,302,131,92,24,76,54,680,22671
57940,2018,8,Yorkshire and The Humber,195,Bradford,A658,Major,A6176,A657,418766,435991,53.81987526,-1.71643679,1.8,1.1,Counted,Manual count,77,103,17522,220,2358,157,56,57,11,54,37,372,20575
57940,2019,8,Yorkshire and The Humber,195,Bradford,A658,Major,A6176,A657,418766,435991,53.81987526,-1.71643679,1.8,1.1,Estimated,Estimated using AADF from previous year on this link,84,97,17741,222,2337,155,57,57,12,55,37,373,20772
57940,2020,8,Yorkshire and The Humber,195,Bradford,A658,Major,A6176,A657,418766,435991,53.81987526,-1.71643679,1.8,1.1,Estimated,Estimated using AADF from previous year on this link,96,72,13476,141,2063,137,50,51,10,49,32,328,16079
57940,2021,8,Yorkshire and The Humber,195,Bradford,A658,Major,A6176,A657,418766,435991,53.81987526,-1.71643679,1.8,1.1,Estimated,Estimated using AADF from previous year on this link,78,76,14847,145,2249,146,53,56,11,52,34,353,17669
57940,2022,8,Yorkshire and The Humber,195,Bradford,A658,Major,A6176,A657,418766,435991,53.81987526,-1.71643679,1.8,1.1,Estimated,Estimated using AADF from previous year on this link,70,83,15858,156,2438,151,55,60,11,53,35,366,18900
57940,2023,8,Yorkshire and The Humber,195,Bradford,A658,Major,A6176,A657,418766,435991,53.81987526,-1.71643679,1.8,1.1,Counted,Manual count,41,53,18683,146,2228,148,46,40,15,41,58,348,21458
57940,2024,8,Yorkshire and The Humber,195,Bradford,A658,Major,A6176,A657,418766,435991,53.81987526,-1.71643679,1.8,1.1,Estimated,Estimated using AADF from previous year on this link,41,55,18966,146,2268,151,46,39,14,40,56,346,21781
57940,2025,8,Yorkshire and The Humber,195,Bradford,A658,Major,A6176,A657,418766,435991,53.81987526,-1.71643679,1.8,1.1,Estimated,Estimated using AADF from previous year on this link,41,56,18989,143,2315,149,46,40,14,39,55,344,21846
58268,2000,8,Yorkshire and The Humber,195,Bradford,A647,Major,A6181,A650,416860,433015,53.79319213,-1.74554888,0.4,0.2,Estimated,Estimated using AADF from previous year on this link,42,131,18532,459,3091,572,35,9,46,32,33,727,22940
58268,2001,8,Yorkshire and The Humber,195,Bradford,A647,Major,A6181,A650,416860,433015,53.79319213,-1.74554888,0.4,0.2,Estimated,Estimated using AADF from previous year on this link,40,135,18902,468,3079,560,41,9,41,28,37,716,23300
58268,2002,8,Yorkshire and The Humber,195,Bradford,A6181,Major,A6181,A650,416860,433015,53.79319213,-1.74554888,0.4,0.2,Counted,Manual count,46,126,18269,435,2029,366,35,36,33,41,26,537,21396
58268,2003,8,Yorkshire and The Humber,195,Bradford,A6181,Major,A6181,A650,416860,433015,53.79319213,-1.74554888,0.4,0.2,Estimated,Estimated using AADF from previous year on this link,41,141,18013,388,2212,392,40,42,31,36,29,570,21324
58268,2004,8,Yorkshire and The Humber,195,Bradford,A6181,Major,A6181,A650,416860,433015,53.79319213,-1.74554888,0.4,0.2,Estimated,Estimated using AADF from previous year on this link,33,124,18049,362,2191,394,42,47,30,32,31,576,21302
58268,2005,8,Yorkshire and The Humber,195,Bradford,A6181,Major,A6181,A650,416860,433015,53.79319213,-1.74554888,0.4,0.2,Estimated,Estimated using AADF from previous year on this link,28,126,17598,356,2249,379,40,47,26,28,33,553,20882
58268,2006,8,Yorkshire and The Humber,195,Bradford,A6181,Major,A6181,A650,416860,433015,53.79319213,-1.74554888,0.4,0.2,Estimated,Estimated using AADF from previous year on this link,44,131,17651,350,2284,388,40,50,24,25,36,563,20979
58268,2007,8,Yorkshire and The Humber,195,Bradford,A6181,Major,A6181,A650,416860,433015,53.79319213,-1.74554888,0.4,0.2,Estimated,Estimated using AADF from previous year on this link,27,132,16821,336,2492,382,38,55,20,24,36,555,20336
58268,2008,8,Yorkshire and The Humber,195,Bradford,A6181,Major,A6181,A650,416860,433015,53.79319213,-1.74554888,0.4,0.2,Estimated,Estimated using AADF from previous year on this link,31,124,16501,340,2610,367,42,56,18,21,36,540,20115
58268,2009,8,Yorkshire and The Humber,195,Bradford,A6181,Major,A6181,A650,416860,433015,53.79319213,-1.74554888,0.4,0.2,Estimated,Estimated using AADF from previous year on this link,31,117,16237,332,2826,354,44,56,17,18,36,525,20037
58268,2010,8,Yorkshire and The Humber,195,Bradford,A6181,Major,A6181,A650,416860,433015,53.79319213,-1.74554888,0.4,0.2,Counted,Manual count,48,38,9509,380,970,103,15,16,6,14,3,157,11054
58268,2011,8,Yorkshire and The Humber,195,Bradford,A6181,Major,A6181,A650,416860,433015,53.79319213,-1.74554888,0.4,0.2,Estimated,Estimated using AADF from previous year on this link,53,32,9481,359,1082,105,17,18,5,14,3,162,11116
58268,2012,8,Yorkshire and The Humber,195,Bradford,A6181,Major,A6181,A650,416860,433015,53.79319213,-1.74554888,0.4,0.2,Estimated,Estimated using AADF from previous year on this link,50,31,9333,390,1095,106,19,21,3,12,3,164,11013
58268,2013,8,Yorkshire and The Humber,195,Bradford,A6181,Major,A6181,A650,416860,433015,53.79319213,-1.74554888,0.4,0.2,Estimated,Estimated using AADF from previous year on this link,49,34,9251,408,1138,107,20,23,3,12,3,168,10999
58268,2014,8,Yorkshire and The Humber,195,Bradford,A6181,Major,A6181,A650,416860,433015,53.79319213,-1.74554888,0.4,0.2,Estimated,Estimated using AADF from previous year on this link,48,33,9502,393,1217,110,22,26,2,10,3,172,11316
58268,2015,8,Yorkshire and The Humber,195,Bradford,A6181,Major,A6181,A650,416860,433015,53.79319213,-1.74554888,0.4,0.2,Estimated,Estimated using AADF from previous year on this link,45,29,9690,423,1276,104,23,24,3,9,3,166,11584
58268,2016,8,Yorkshire and The Humber,195,Bradford,A6181,Major,A6181,A650,416860,433015,53.79319213,-1.74554888,0.4,0.2,Estimated,Estimated using AADF from previous year on this link,42,28,9841,392,1394,105,23,27,3,8,3,169,11824
58268,2017,8,Yorkshire and The Humber,195,Bradford,A6181,Major,A6181,A650,416860,433015,53.79319213,-1.74554888,0.4,0.2,Estimated,Estimated using AADF from previous year on this link,40,28,9768,366,1467,105,23,28,3,8,3,170,11800
58268,2018,8,Yorkshire and The Humber,195,Bradford,A6181,Major,A6181,A650,416860,433015,53.79319213,-1.74554888,0.4,0.2,Counted,Manual count,54,44,13368,447,1157,80,15,8,2,4,3,111,15127
58268,2019,8,Yorkshire and The Humber,195,Bradford,A6181,Major,A6181,A650,416860,433015,53.79319213,-1.74554888,0.4,0.2,Estimated,Estimated using AADF from previous year on this link,60,41,13536,452,1147,79,15,8,2,4,3,111,15286
58268,2020,8,Yorkshire and The Humber,195,Bradford,A6181,Major,A6181,A650,416860,433015,53.79319213,-1.74554888,0.4,0.2,Estimated,Estimated using AADF from previous year on this link,68,30,10281,286,1012,69,13,7,2,3,2,97,11707
58268,2021,8,Yorkshire and The Humber,195,Bradford,A6181,Major,A6181,A650,416860,433015,53.79319213,-1.74554888,0.4,0.2,Estimated,Estimated using AADF from previous year on this link,56,32,11327,295,1103,74,14,8,2,4,3,104,12862
58268,2022,8,Yorkshire and The Humber,195,Bradford,A6181,Major,A6181,A650,416860,433015,53.79319213,-1.74554888,0.4,0.2,Estimated,Estimated using AADF from previous year on this link,50,35,12098,317,1196,77,15,8,2,4,3,108,13755
58268,2023,8,Yorkshire and The Humber,195,Bradford,A6181,Major,A6181,A650,416860,433015,53.79319213,-1.74554888,0.4,0.2,Estimated,Estimated using AADF from previous year on this link,49,35,12326,320,1217,76,14,8,2,4,3,106,14003
58268,2024,8,Yorkshire and The Humber,195,Bradford,A6181,Major,A6181,A650,416860,433015,53.79319213,-1.74554888,0.4,0.2,Estimated,Estimated using AADF from previous year on this link,50,36,12513,321,1238,77,14,8,2,3,2,107,14215
58268,2025,8,Yorkshire and The Humber,195,Bradford,A6181,Major,A6181,A650,416860,433015,53.79319213,-1.74554888,0.4,0.2,Estimated,Estimated using AADF from previous year on this link,50,36,12528,314,1264,76,14,8,2,3,2,106,14248
58269,2000,8,Yorkshire and The Humber,195,Bradford,A647,Major,A641,A650,416504,432662,53.79003072,-1.75097156,0.6,0.4,Estimated,Estimated using AADF from previous year on this link,32,136,23643,252,3138,693,88,81,54,34,41,991,28160
58269,2001,8,Yorkshire and The Humber,195,Bradford,A647,Major,A641,A650,416504,432662,53.79003072,-1.75097156,0.6,0.4,Counted,Manual count,26,198,25440,367,2976,491,88,34,45,76,40,774,29755
58269,2002,8,Yorkshire and The Humber,195,Bradford,A647,Major,A641,A650,416504,432662,53.79003072,-1.75097156,0.6,0.4,Estimated,Estimated using AADF from previous year on this link,27,200,25389,375,2982,473,92,36,41,66,44,752,29698
58269,2003,8,Yorkshire and The Humber,195,Bradford,A647,Major,A641,A650,416504,432662,53.79003072,-1.75097156,0.6,0.4,Estimated,Estimated using AADF from previous year on this link,24,224,25034,335,3250,508,105,42,39,59,48,801,29644
58269,2004,8,Yorkshire and The Humber,195,Bradford,A647,Major,A641,A650,416504,432662,53.79003072,-1.75097156,0.6,0.4,Estimated,Estimated using AADF from previous year on this link,20,198,25083,311,3221,510,111,46,37,52,53,809,29622
58269,2005,8,Yorkshire and The Humber,195,Bradford,A647,Major,A641,A650,416504,432662,53.79003072,-1.75097156,0.6,0.4,Estimated,Estimated using AADF from previous year on this link,16,200,24457,306,3305,490,103,47,33,45,55,773,29041
58269,2006,8,Yorkshire and The Humber,195,Bradford,A647,Major,A641,A650,416504,432662,53.79003072,-1.75097156,0.6,0.4,Estimated,Estimated using AADF from previous year on this link,26,208,24530,302,3357,501,103,51,29,40,60,784,29181
58269,2007,8,Yorkshire and The Humber,195,Bradford,A647,Major,A641,A650,416504,432662,53.79003072,-1.75097156,0.6,0.4,Estimated,Estimated using AADF from previous year on this link,16,210,23377,290,3663,494,102,55,25,38,62,776,28316
58269,2008,8,Yorkshire and The Humber,195,Bradford,A647,Major,A641,A650,416504,432662,53.79003072,-1.75097156,0.6,0.4,Counted,Manual count,37,192,28388,334,3651,530,117,53,35,43,34,812,33377
58269,2009,8,Yorkshire and The Humber,195,Bradford,A647,Major,A641,A650,416504,432662,53.79003072,-1.75097156,0.6,0.4,Counted,Manual count,73,231,30226,508,3479,413,88,32,36,59,34,662,35106
58269,2010,8,Yorkshire and The Humber,195,Bradford,A647,Major,A641,A650,416504,432662,53.79003072,-1.75097156,0.6,0.4,Estimated,Estimated using AADF from previous year on this link,73,213,29591,533,3496,410,84,26,39,51,31,641,34474
58269,2011,8,Yorkshire and The Humber,195,Bradford,A647,Major,A641,A650,416504,432662,53.79003072,-1.75097156,0.6,0.4,Counted,Manual count,40,163,28046,329,3424,455,97,78,12,38,42,722,32684
58269,2012,8,Yorkshire and The Humber,195,Bradford,A647,Major,A641,A650,416504,432662,53.79003072,-1.75097156,0.6,0.4,Estimated,Estimated using AADF from previous year on this link,38,147,27927,354,3288,402,92,78,9,35,42,658,32374
58269,2013,8,Yorkshire and The Humber,195,Bradford,A647,Major,A641,A650,416504,432662,53.79003072,-1.75097156,0.6,0.4,Counted,Manual count,37,169,24678,545,3376,447,116,85,18,57,49,773,29540
58269,2014,8,Yorkshire and The Humber,195,Bradford,A647,Major,A641,A650,416504,432662,53.79003072,-1.75097156,0.6,0.4,Estimated,Estimated using AADF from previous year on this link,36,179,24422,578,3844,472,133,96,19,56,55,832,29856
58269,2015,8,Yorkshire and The Humber,195,Bradford,A647,Major,A641,A650,416504,432662,53.79003072,-1.75097156,0.6,0.4,Estimated,Estimated using AADF from previous year on this link,33,183,23974,573,4044,459,140,93,23,55,54,825,29599
58269,2016,8,Yorkshire and The Humber,195,Bradford,A647,Major,A641,A650,416504,432662,53.79003072,-1.75097156,0.6,0.4,Estimated,Estimated using AADF from previous year on this link,31,179,24348,531,4417,466,139,105,24,49,54,837,30311
58269,2017,8,Yorkshire and The Humber,195,Bradford,A647,Major,A641,A650,416504,432662,53.79003072,-1.75097156,0.6,0.4,Counted,Manual count,33,153,29030,341,3660,395,73,41,23,64,45,642,33827
58269,2018,8,Yorkshire and The Humber,195,Bradford,A647,Major,A641,A650,416504,432662,53.79003072,-1.75097156,0.6,0.4,Estimated,Estimated using AADF from previous year on this link,36,152,28711,310,3728,399,73,40,24,66,47,648,33549
58269,2019,8,Yorkshire and The Humber,195,Bradford,A647,Major,A641,A650,416504,432662,53.79003072,-1.75097156,0.6,0.4,Estimated,Estimated using AADF from previous year on this link,40,142,29071,313,3696,394,74,40,24,68,48,647,33869
58269,2020,8,Yorkshire and The Humber,195,Bradford,A647,Major,A641,A650,416504,432662,53.79003072,-1.75097156,0.6,0.4,Estimated,Estimated using AADF from previous year on this link,45,105,22082,198,3262,346,64,36,21,60,41,569,26215
58269,2021,8,Yorkshire and The Humber,195,Bradford,A647,Major,A641,A650,416504,432662,53.79003072,-1.75097156,0.6,0.4,Counted,Manual count,16,78,24647,259,2867,530,89,91,16,34,138,897,28749
58269,2022,8,Yorkshire and The Humber,195,Bradford,A647,Major,A641,A650,416504,432662,53.79003072,-1.75097156,0.6,0.4,Estimated,Estimated using AADF from previous year on this link,14,86,26326,279,3108,549,92,96,17,35,141,929,30727
58269,2023,8,Yorkshire and The Humber,195,Bradford,A647,Major,A641,A650,416504,432662,53.79003072,-1.75097156,0.6,0.4,Estimated,Estimated using AADF from previous year on this link,14,84,26821,281,3161,542,90,95,17,34,135,913,31260
58269,2024,8,Yorkshire and The Humber,195,Bradford,A647,Major,A641,A650,416504,432662,53.79003072,-1.75097156,0.6,0.4,Estimated,Estimated using AADF from previous year on this link,14,87,27227,282,3218,550,90,93,17,33,131,913,31727
58269,2025,8,Yorkshire and The Humber,195,Bradford,A647,Major,A641,A650,416504,432662,53.79003072,-1.75097156,0.6,0.4,Counted,Manual count,65,80,32290,176,3709,285,112,71,11,24,109,611,36867
58270,2000,8,Yorkshire and The Humber,195,Bradford,A629,Major,A6034,LA Boundary,403000,445177,53.90276328,-1.95582979,1.7,1.1,Estimated,Estimated using AADF from previous year on this link,28,212,17953,123,2897,862,129,211,155,298,96,1751,22936
58270,2001,8,Yorkshire and The Humber,195,Bradford,A629,Major,A6034,LA Boundary,403000,445177,53.90276328,-1.95582979,1.7,1.1,Estimated,Estimated using AADF from previous year on this link,25,234,18509,127,3059,850,150,213,141,265,112,1731,23660
58270,2002,8,Yorkshire and The Humber,195,Bradford,A629,Major,A6034,LA Boundary,403000,445177,53.90276328,-1.95582979,1.7,1.1,Counted,Manual count,14,211,19186,89,3149,693,112,119,141,325,159,1549,24184
58270,2003,8,Yorkshire and The Humber,195,Bradford,A629,Major,A6034,LA Boundary,403000,445177,53.90276328,-1.95582979,1.7,1.1,Estimated,Estimated using AADF from previous year on this link,12,229,19608,88,3486,721,123,135,136,291,176,1582,24993
58270,2004,8,Yorkshire and The Humber,195,Bradford,A629,Major,A6034,LA Boundary,403000,445177,53.90276328,-1.95582979,1.7,1.1,Estimated,Estimated using AADF from previous year on this link,11,232,19941,73,3880,769,139,158,131,260,196,1653,25779
58270,2005,8,Yorkshire and The Humber,195,Bradford,A629,Major,A6034,LA Boundary,403000,445177,53.90276328,-1.95582979,1.7,1.1,Estimated,Estimated using AADF from previous year on this link,12,223,19802,70,4058,775,136,167,116,229,210,1633,25786
58270,2006,8,Yorkshire and The Humber,195,Bradford,A629,Major,A6034,LA Boundary,403000,445177,53.90276328,-1.95582979,1.7,1.1,Counted,Manual count,13,396,21228,86,3520,873,142,135,102,312,219,1783,27013
58270,2007,8,Yorkshire and The Humber,195,Bradford,A629,Major,A6034,LA Boundary,403000,445177,53.90276328,-1.95582979,1.7,1.1,Estimated,Estimated using AADF from previous year on this link,13,399,21080,82,3900,888,145,152,90,300,228,1803,27264
58270,2008,8,Yorkshire and The Humber,195,Bradford,A629,Major,A6034,LA Boundary,403000,445177,53.90276328,-1.95582979,1.7,1.1,Estimated,Estimated using AADF from previous year on this link,13,386,20932,83,3908,866,160,157,84,284,240,1791,27100
58270,2009,8,Yorkshire and The Humber,195,Bradford,A629,Major,A6034,LA Boundary,403000,445177,53.90276328,-1.95582979,1.7,1.1,Counted,Manual count,7,163,21131,73,3805,509,138,172,129,289,202,1439,26611
58270,2010,8,Yorkshire and The Humber,195,Bradford,A629,Major,A6034,LA Boundary,403000,445177,53.90276328,-1.95582979,1.7,1.1,Counted,Manual count,8,203,20828,86,3333,703,115,132,78,256,182,1466,25916
58270,2011,8,Yorkshire and The Humber,195,Bradford,A629,Major,A6034,LA Boundary,403000,445177,53.90276328,-1.95582979,1.7,1.1,Counted,Manual count,4,144,21247,70,3241,712,117,107,71,236,172,1415,26117
58270,2012,8,Yorkshire and The Humber,195,Bradford,A629,Major,A6034,LA Boundary,403000,445177,53.90276328,-1.95582979,1.7,1.1,Estimated,Estimated using AADF from previous year on this link,4,140,21094,71,3375,706,125,120,55,232,181,1419,26099
58270,2013,8,Yorkshire and The Humber,195,Bradford,A629,Major,A6034,LA Boundary,403000,445177,53.90276328,-1.95582979,1.7,1.1,Counted,Manual count,2,168,20324,73,3696,644,112,101,134,243,181,1415,25676
58270,2014,8,Yorkshire and The Humber,195,Bradford,A629,Major,A6034,LA Boundary,403000,445177,53.90276328,-1.95582979,1.7,1.1,Estimated,Estimated using AADF from previous year on this link,2,173,20793,82,3967,616,116,103,135,225,193,1388,26402
58270,2015,8,Yorkshire and The Humber,195,Bradford,A629,Major,A6034,LA Boundary,403000,445177,53.90276328,-1.95582979,1.7,1.1,Counted,Manual count,24,232,21995,59,4003,534,105,213,120,283,205,1460,27749
58270,2016,8,Yorkshire and The Humber,195,Bradford,A629,Major,A6034,LA Boundary,403000,445177,53.90276328,-1.95582979,1.7,1.1,Estimated,Estimated using AADF from previous year on this link,24,232,22268,58,4323,561,100,245,124,265,211,1505,28386
58270,2017,8,Yorkshire and The Humber,195,Bradford,A629,Major,A6034,LA Boundary,403000,445177,53.90276328,-1.95582979,1.7,1.1,Counted,Manual count,4,148,22836,54,4209,534,112,110,148,312,169,1384,28630
58270,2018,8,Yorkshire and The Humber,195,Bradford,A629,Major,A6034,LA Boundary,403000,445177,53.90276328,-1.95582979,1.7,1.1,Estimated,Estimated using AADF from previous year on this link,4,144,22727,51,4408,542,114,116,148,312,172,1404,28734
58270,2019,8,Yorkshire and The Humber,195,Bradford,A629,Major,A6034,LA Boundary,403000,445177,53.90276328,-1.95582979,1.7,1.1,Counted,Manual count,11,152,22765,51,4141,796,127,228,72,99,431,1754,28863
58270,2020,8,Yorkshire and The Humber,195,Bradford,A629,Major,A6034,LA Boundary,403000,445177,53.90276328,-1.95582979,1.7,1.1,Estimated,Estimated using AADF from previous year on this link,14,113,16624,33,3545,716,110,201,65,90,386,1568,21883
58270,2021,8,Yorkshire and The Humber,195,Bradford,A629,Major,A6034,LA Boundary,403000,445177,53.90276328,-1.95582979,1.7,1.1,Counted,Manual count,0,96,19896,42,3734,718,125,159,83,172,300,1557,25324
58270,2022,8,Yorkshire and The Humber,195,Bradford,A629,Major,A6034,LA Boundary,403000,445177,53.90276328,-1.95582979,1.7,1.1,Estimated,Estimated using AADF from previous year on this link,0,107,21355,44,4159,738,129,162,88,177,309,1603,27268
58270,2023,8,Yorkshire and The Humber,195,Bradford,A629,Major,A6034,LA Boundary,403000,445177,53.90276328,-1.95582979,1.7,1.1,Counted,Manual count,0,192,21833,32,4274,441,103,160,105,107,356,1271,27603
58270,2024,8,Yorkshire and The Humber,195,Bradford,A629,Major,A6034,LA Boundary,403000,445177,53.90276328,-1.95582979,1.7,1.1,Estimated,Estimated using AADF from previous year on this link,0,190,22096,32,4351,442,102,160,103,106,350,1262,27931
58270,2025,8,Yorkshire and The Humber,195,Bradford,A629,Major,A6034,LA Boundary,403000,445177,53.90276328,-1.95582979,1.7,1.1,Estimated,Estimated using AADF from previous year on this link,0,196,22332,32,4443,440,103,164,103,105,347,1261,28264
58352,2000,8,Yorkshire and The Humber,195,Bradford,A65,Major,Main St,Victoria Avenue,408900,448990,53.93696745,-1.86592403,2.6,1.6,Counted,Manual count,16,149,16028,110,1515,562,87,167,46,120,28,1010,18812
58352,2001,8,Yorkshire and The Humber,195,Bradford,A65,Major,Main St,Victoria Avenue,408900,448990,53.93696745,-1.86592403,2.6,1.6,Estimated,Estimated using AADF from previous year on this link,15,165,16525,114,1599,554,100,168,42,107,33,1004,19407
58352,2002,8,Yorkshire and The Humber,195,Bradford,A65,Major,Main St,Victoria Avenue,408900,448990,53.93696745,-1.86592403,2.6,1.6,Counted,Manual count,15,138,17452,104,1810,347,65,152,53,97,67,781,20285
58352,2003,8,Yorkshire and The Humber,195,Bradford,A65,Major,Main St,Victoria Avenue,408900,448990,53.93696745,-1.86592403,2.6,1.6,Estimated,Estimated using AADF from previous year on this link,13,150,17836,102,2004,361,72,173,51,87,74,818,20910
58352,2004,8,Yorkshire and The Humber,195,Bradford,A65,Major,Main St,Victoria Avenue,408900,448990,53.93696745,-1.86592403,2.6,1.6,Estimated,Estimated using AADF from previous year on this link,12,152,18139,85,2230,385,81,202,49,78,82,877,21483
58352,2005,8,Yorkshire and The Humber,195,Bradford,A65,Major,Main St,Victoria Avenue,408900,448990,53.93696745,-1.86592403,2.6,1.6,Estimated,Estimated using AADF from previous year on this link,13,146,18013,82,2333,388,79,214,44,68,88,881,21455
58352,2006,8,Yorkshire and The Humber,195,Bradford,A65,Major,Main St,Victoria Avenue,408900,448990,53.93696745,-1.86592403,2.6,1.6,Counted,Manual count,6,64,17274,85,2086,249,42,69,51,58,64,533,20042
58352,2007,8,Yorkshire and The Humber,195,Bradford,A65,Major,Main St,Victoria Avenue,408900,448990,53.93696745,-1.86592403,2.6,1.6,Estimated,Estimated using AADF from previous year on this link,6,64,17152,81,2311,254,43,78,44,56,67,542,20150
58352,2008,8,Yorkshire and The Humber,195,Bradford,A65,Major,Main St,Victoria Avenue,408900,448990,53.93696745,-1.86592403,2.6,1.6,Estimated,Estimated using AADF from previous year on this link,6,62,17032,81,2316,247,47,81,42,53,71,541,20032
58352,2009,8,Yorkshire and The Humber,195,Bradford,A65,Major,Main St,Victoria Avenue,408900,448990,53.93696745,-1.86592403,2.6,1.6,Estimated,Estimated using AADF from previous year on this link,7,65,16810,85,2393,229,47,78,39,46,69,508,19861
58352,2010,8,Yorkshire and The Humber,195,Bradford,A65,Major,Main St,Victoria Avenue,408900,448990,53.93696745,-1.86592403,2.6,1.6,Counted,Manual count,27,86,15980,115,1720,226,44,69,25,60,73,497,18398
58352,2011,8,Yorkshire and The Humber,195,Bradford,A65,Major,Main St,Victoria Avenue,408900,448990,53.93696745,-1.86592403,2.6,1.6,Counted,Manual count,14,50,15589,97,1984,216,55,57,19,47,62,456,18176
58352,2012,8,Yorkshire and The Humber,195,Bradford,A65,Major,Main St,Victoria Avenue,408900,448990,53.93696745,-1.86592403,2.6,1.6,Estimated,Estimated using AADF from previous year on this link,13,49,15477,98,2066,214,59,64,15,46,65,463,18153
58352,2013,8,Yorkshire and The Humber,195,Bradford,A65,Major,Main St,Victoria Avenue,408900,448990,53.93696745,-1.86592403,2.6,1.6,Estimated,Estimated using AADF from previous year on this link,13,51,15292,102,2194,218,65,73,11,45,69,481,18120
58352,2014,8,Yorkshire and The Humber,195,Bradford,A65,Major,Main St,Victoria Avenue,408900,448990,53.93696745,-1.86592403,2.6,1.6,Estimated,Estimated using AADF from previous year on this link,10,53,15644,114,2354,209,67,75,11,42,73,477,18643
58352,2015,8,Yorkshire and The Humber,195,Bradford,A65,Major,Main St,Victoria Avenue,408900,448990,53.93696745,-1.86592403,2.6,1.6,Estimated,Estimated using AADF from previous year on this link,10,55,16116,112,2617,218,76,78,14,44,76,506,19406
58352,2016,8,Yorkshire and The Humber,195,Bradford,A65,Major,Main St,Victoria Avenue,408900,448990,53.93696745,-1.86592403,2.6,1.6,Counted,Manual count,29,141,15862,108,1843,227,39,72,20,47,78,483,18436
58352,2017,8,Yorkshire and The Humber,195,Bradford,A65,Major,Main St,Victoria Avenue,408900,448990,53.93696745,-1.86592403,2.6,1.6,Estimated,Estimated using AADF from previous year on this link,29,137,15843,105,1950,233,40,75,20,47,80,496,18531
58352,2018,8,Yorkshire and The Humber,195,Bradford,A65,Major,Main St,Victoria Avenue,408900,448990,53.93696745,-1.86592403,2.6,1.6,Estimated,Estimated using AADF from previous year on this link,29,134,15767,100,2042,237,41,79,20,47,82,506,18549
58352,2019,8,Yorkshire and The Humber,195,Bradford,A65,Major,Main St,Victoria Avenue,408900,448990,53.93696745,-1.86592403,2.6,1.6,Estimated,Estimated using AADF from previous year on this link,35,144,15802,98,2036,235,43,82,21,47,81,509,18588
58352,2020,8,Yorkshire and The Humber,195,Bradford,A65,Major,Main St,Victoria Avenue,408900,448990,53.93696745,-1.86592403,2.6,1.6,Counted,Manual count,40,56,10561,8,1862,207,40,67,28,22,60,422,12910
58352,2021,8,Yorkshire and The Humber,195,Bradford,A65,Major,Main St,Victoria Avenue,408900,448990,53.93696745,-1.86592403,2.6,1.6,Estimated,Estimated using AADF from previous year on this link,30,58,11549,10,2132,226,42,73,29,23,63,456,14205
58352,2022,8,Yorkshire and The Humber,195,Bradford,A65,Major,Main St,Victoria Avenue,408900,448990,53.93696745,-1.86592403,2.6,1.6,Estimated,Estimated using AADF from previous year on this link,29,64,12396,11,2375,232,44,74,31,24,65,469,15315
58352,2023,8,Yorkshire and The Humber,195,Bradford,A65,Major,Main St,Victoria Avenue,408900,448990,53.93696745,-1.86592403,2.6,1.6,Estimated,Estimated using AADF from previous year on this link,28,60,12702,11,2422,232,42,69,30,24,61,458,15653
58352,2024,8,Yorkshire and The Humber,195,Bradford,A65,Major,Main St,Victoria Avenue,408900,448990,53.93696745,-1.86592403,2.6,1.6,Counted,Manual count,7,72,14023,56,2031,99,30,51,8,16,109,312,16495
58352,2025,8,Yorkshire and The Humber,195,Bradford,A65,Major,Main St,Victoria Avenue,408900,448990,53.93696745,-1.86592403,2.6,1.6,Estimated,Estimated using AADF from previous year on this link,7,74,14173,56,2074,98,30,52,8,16,108,313,16690
70042,2000,8,Yorkshire and The Humber,195,Bradford,A6181,Major,A650,A6037,416350,433720,53.79954469,-1.75325355,0.5,0.3,Counted,Manual count,10,85,14215,17,1669,254,51,20,61,109,71,566,16552
70042,2001,8,Yorkshire and The Humber,195,Bradford,A6181,Major,A650,A6037,416350,433720,53.79954469,-1.75325355,0.5,0.3,Estimated,Estimated using AADF from previous year on this link,10,89,13775,18,1681,242,57,20,49,86,73,527,16090
70042,2002,8,Yorkshire and The Humber,195,Bradford,A6181,Major,A650,A6037,416350,433720,53.79954469,-1.75325355,0.5,0.3,Estimated,Estimated using AADF from previous year on this link,10,93,13995,18,1802,229,59,20,45,75,80,508,16416
70042,2003,8,Yorkshire and The Humber,195,Bradford,A6181,Major,A650,A6037,416350,433720,53.79954469,-1.75325355,0.5,0.3,Estimated,Estimated using AADF from previous year on this link,8,132,13477,18,1957,222,61,21,43,67,89,503,16087
70042,2004,8,Yorkshire and The Humber,195,Bradford,A6181,Major,A650,A6037,416350,433720,53.79954469,-1.75325355,0.5,0.3,Estimated,Estimated using AADF from previous year on this link,8,87,13652,15,2155,270,78,28,43,63,103,585,16494
70042,2005,8,Yorkshire and The Humber,195,Bradford,A6181,Major,A650,A6037,416350,433720,53.79954469,-1.75325355,0.5,0.3,Estimated,Estimated using AADF from previous year on this link,6,71,13024,14,2297,293,82,32,36,51,101,595,16001
70042,2006,8,Yorkshire and The Humber,195,Bradford,A6181,Major,A650,A6037,416350,433720,53.79954469,-1.75325355,0.5,0.3,Estimated,Estimated using AADF from previous year on this link,10,62,12777,12,2331,282,77,33,29,40,96,557,15739
70042,2007,8,Yorkshire and The Humber,195,Bradford,A6181,Major,A650,A6037,416350,433720,53.79954469,-1.75325355,0.5,0.3,Estimated,Estimated using AADF from previous year on this link,6,60,12572,12,2455,262,72,33,23,35,91,516,15615
70042,2008,8,Yorkshire and The Humber,195,Bradford,A6181,Major,A650,A6037,416350,433720,53.79954469,-1.75325355,0.5,0.3,Estimated,Estimated using AADF from previous year on this link,6,57,12296,10,2506,262,80,35,20,30,88,515,15384
70042,2009,8,Yorkshire and The Humber,195,Bradford,A6181,Major,A650,A6037,416350,433720,53.79954469,-1.75325355,0.5,0.3,Estimated,Estimated using AADF from previous year on this link,6,64,12567,10,2543,239,80,33,18,26,85,481,15665
70042,2010,8,Yorkshire and The Humber,195,Bradford,A6181,Major,A650,A6037,416350,433720,53.79954469,-1.75325355,0.5,0.3,Counted,Manual count,16,24,18990,142,1690,127,30,9,13,28,16,223,21069
70042,2011,8,Yorkshire and The Humber,195,Bradford,A6181,Major,A650,A6037,416350,433720,53.79954469,-1.75325355,0.5,0.3,Counted,Manual count,16,50,17855,172,1403,175,36,13,10,32,19,285,19765
70042,2012,8,Yorkshire and The Humber,195,Bradford,A6181,Major,A650,A6037,416350,433720,53.79954469,-1.75325355,0.5,0.3,Estimated,Estimated using AADF from previous year on this link,15,48,17576,187,1420,177,39,15,7,28,18,285,19515
70042,2013,8,Yorkshire and The Humber,195,Bradford,A6181,Major,A650,A6037,416350,433720,53.79954469,-1.75325355,0.5,0.3,Estimated,Estimated using AADF from previous year on this link,15,53,17421,196,1475,178,43,17,5,27,18,289,19434
70042,2014,8,Yorkshire and The Humber,195,Bradford,A6181,Major,A650,A6037,416350,433720,53.79954469,-1.75325355,0.5,0.3,Estimated,Estimated using AADF from previous year on this link,14,51,17894,188,1578,183,47,18,5,22,17,292,20003
70042,2015,8,Yorkshire and The Humber,195,Bradford,A6181,Major,A650,A6037,416350,433720,53.79954469,-1.75325355,0.5,0.3,Estimated,Estimated using AADF from previous year on this link,13,52,17565,187,1660,178,50,18,6,22,17,290,19753
70042,2016,8,Yorkshire and The Humber,195,Bradford,A6181,Major,A650,A6037,416350,433720,53.79954469,-1.75325355,0.5,0.3,Counted,Manual count,21,43,21130,135,1809,112,24,13,13,19,11,191,23309
70042,2017,8,Yorkshire and The Humber,195,Bradford,A6181,Major,A650,A6037,416350,433720,53.79954469,-1.75325355,0.5,0.3,Estimated,Estimated using AADF from previous year on this link,20,44,20975,126,1905,111,24,13,13,19,11,192,23241
70042,2018,8,Yorkshire and The Humber,195,Bradford,A6181,Major,A650,A6037,416350,433720,53.79954469,-1.75325355,0.5,0.3,Estimated,Estimated using AADF from previous year on this link,22,43,20744,115,1940,112,24,13,13,20,12,193,23036
70042,2019,8,Yorkshire and The Humber,195,Bradford,A6181,Major,A650,A6037,416350,433720,53.79954469,-1.75325355,0.5,0.3,Estimated,Estimated using AADF from previous year on this link,24,41,21004,116,1923,111,24,13,14,20,12,193,23277
70042,2020,8,Yorkshire and The Humber,195,Bradford,A6181,Major,A650,A6037,416350,433720,53.79954469,-1.75325355,0.5,0.3,Counted,Manual count,53,47,17738,58,1480,149,17,9,0,7,22,204,19528
70042,2021,8,Yorkshire and The Humber,195,Bradford,A6181,Major,A650,A6037,416350,433720,53.79954469,-1.75325355,0.5,0.3,Estimated,Estimated using AADF from previous year on this link,44,50,19542,60,1614,160,18,9,0,7,24,219,21484
70042,2022,8,Yorkshire and The Humber,195,Bradford,A6181,Major,A650,A6037,416350,433720,53.79954469,-1.75325355,0.5,0.3,Estimated,Estimated using AADF from previous year on this link,39,55,20873,64,1749,165,19,10,0,8,24,226,22967
70042,2023,8,Yorkshire and The Humber,195,Bradford,A6181,Major,A650,A6037,416350,433720,53.79954469,-1.75325355,0.5,0.3,Estimated,Estimated using AADF from previous year on this link,38,54,21266,65,1779,163,19,10,0,7,23,223,23386
70042,2024,8,Yorkshire and The Humber,195,Bradford,A6181,Major,A650,A6037,416350,433720,53.79954469,-1.75325355,0.5,0.3,Counted,Manual count,37,15,23693,75,2090,123,31,20,5,11,28,219,26091
70042,2025,8,Yorkshire and The Humber,195,Bradford,A6181,Major,A650,A6037,416350,433720,53.79954469,-1.75325355,0.5,0.3,Estimated,Estimated using AADF from previous year on this link,37,15,23721,73,2133,121,31,21,5,11,27,217,26160
70329,2000,8,Yorkshire and The Humber,195,Bradford,A647,Major,Chester Street,Prince's Way,416120,432750,53.79083356,-1.75679558,0.2,0.1,Counted,Manual count,32,79,11322,809,801,55,7,1,2,3,0,68,13079
70329,2001,8,Yorkshire and The Humber,195,Bradford,A647,Major,Chester Street,Prince's Way,416120,432750,53.79083356,-1.75679558,0.2,0.1,Estimated,Estimated using AADF from previous year on this link,30,83,10971,847,807,52,8,1,2,2,0,65,12773
70329,2002,8,Yorkshire and The Humber,195,Bradford,A647,Major,Chester Street,Prince's Way,416120,432750,53.79083356,-1.75679558,0.2,0.1,Estimated,Estimated using AADF from previous year on this link,31,86,11147,854,865,49,8,1,2,2,0,62,13014
70329,2003,8,Yorkshire and The Humber,195,Bradford,A647,Major,Chester Street,Prince's Way,416120,432750,53.79083356,-1.75679558,0.2,0.1,Estimated,Estimated using AADF from previous year on this link,28,122,10735,830,939,47,8,1,2,2,0,60,12686
70329,2004,8,Yorkshire and The Humber,195,Bradford,A647,Major,Chester Street,Prince's Way,416120,432750,53.79083356,-1.75679558,0.2,0.1,Estimated,Estimated using AADF from previous year on this link,22,80,10874,681,1034,58,11,1,2,2,0,74,12743
70331,2000,8,Yorkshire and The Humber,195,Bradford,A647,Major,Chester St,A641,416180,432550,53.78903415,-1.75589524,0.4,0.2,Counted,Manual count,12,43,15674,100,1520,580,34,16,14,7,5,656,17993
70331,2001,8,Yorkshire and The Humber,195,Bradford,A647,Major,Chester St,A641,416180,432550,53.78903415,-1.75589524,0.4,0.2,Estimated,Estimated using AADF from previous year on this link,12,45,15188,105,1531,553,38,16,11,6,5,629,17498
70331,2002,8,Yorkshire and The Humber,195,Bradford,A647,Major,Chester St,A641,416180,432550,53.78903415,-1.75589524,0.4,0.2,Estimated,Estimated using AADF from previous year on this link,12,47,15431,105,1641,522,38,16,10,5,5,596,17820
70331,2003,8,Yorkshire and The Humber,195,Bradford,A647,Major,Chester St,A641,416180,432550,53.78903415,-1.75589524,0.4,0.2,Estimated,Estimated using AADF from previous year on this link,10,67,14860,102,1782,506,38,17,10,5,5,581,17392
70331,2004,8,Yorkshire and The Humber,195,Bradford,A647,Major,Chester St,A641,416180,432550,53.78903415,-1.75589524,0.4,0.2,Estimated,Estimated using AADF from previous year on this link,8,44,15053,83,1962,616,50,22,10,5,7,710,17852
70331,2005,8,Yorkshire and The Humber,195,Bradford,A647,Major,Chester St,A641,416180,432550,53.78903415,-1.75589524,0.4,0.2,Estimated,Estimated using AADF from previous year on this link,8,36,14361,79,2092,667,53,26,8,3,7,764,17332
70331,2006,8,Yorkshire and The Humber,195,Bradford,A647,Major,Chester St,A641,416180,432550,53.78903415,-1.75589524,0.4,0.2,Estimated,Estimated using AADF from previous year on this link,12,31,14088,73,2123,644,50,26,7,3,6,736,17051
70331,2007,8,Yorkshire and The Humber,195,Bradford,A647,Major,Chester St,A641,416180,432550,53.78903415,-1.75589524,0.4,0.2,Counted,Manual count,10,60,16363,309,1671,128,46,48,5,11,7,245,18648
70331,2008,8,Yorkshire and The Humber,195,Bradford,A647,Major,Chester St,A641,416180,432550,53.78903415,-1.75589524,0.4,0.2,Estimated,Estimated using AADF from previous year on this link,12,57,16002,269,1706,128,52,51,4,9,7,251,18285
70331,2009,8,Yorkshire and The Humber,195,Bradford,A647,Major,Chester St,A641,416180,432550,53.78903415,-1.75589524,0.4,0.2,Estimated,Estimated using AADF from previous year on this link,12,64,16354,266,1732,116,52,48,4,7,7,234,18650
70331,2010,8,Yorkshire and The Humber,195,Bradford,A647,Major,Chester St,A641,416180,432550,53.78903415,-1.75589524,0.4,0.2,Estimated,Estimated using AADF from previous year on this link,12,61,16256,301,1850,124,52,42,5,7,7,237,18705
70331,2011,8,Yorkshire and The Humber,195,Bradford,A647,Major,Chester St,A641,416180,432550,53.78903415,-1.75589524,0.4,0.2,Estimated,Estimated using AADF from previous year on this link,14,52,16207,285,2065,126,57,49,4,7,7,250,18859
70331,2012,8,Yorkshire and The Humber,195,Bradford,A647,Major,Chester St,A641,416180,432550,53.78903415,-1.75589524,0.4,0.2,Estimated,Estimated using AADF from previous year on this link,13,50,15954,310,2089,127,62,56,3,6,7,261,18664
70331,2013,8,Yorkshire and The Humber,195,Bradford,A647,Major,Chester St,A641,416180,432550,53.78903415,-1.75589524,0.4,0.2,Estimated,Estimated using AADF from previous year on this link,13,55,15813,324,2172,128,68,63,2,6,7,274,18639
70331,2014,8,Yorkshire and The Humber,195,Bradford,A647,Major,Chester St,A641,416180,432550,53.78903415,-1.75589524,0.4,0.2,Estimated,Estimated using AADF from previous year on this link,13,53,16242,312,2322,132,75,69,2,5,6,289,19218
70331,2015,8,Yorkshire and The Humber,195,Bradford,A647,Major,Chester St,A641,416180,432550,53.78903415,-1.75589524,0.4,0.2,Estimated,Estimated using AADF from previous year on this link,12,47,16564,336,2435,125,77,66,2,5,6,280,19662
70331,2016,8,Yorkshire and The Humber,195,Bradford,A647,Major,Chester St,A641,416180,432550,53.78903415,-1.75589524,0.4,0.2,Counted,Manual count,13,47,15454,185,1650,187,49,28,3,9,5,280,17615
70331,2017,8,Yorkshire and The Humber,195,Bradford,A647,Major,Chester St,A641,416180,432550,53.78903415,-1.75589524,0.4,0.2,Estimated,Estimated using AADF from previous year on this link,12,47,15340,173,1737,185,49,29,3,8,5,280,17577
70331,2018,8,Yorkshire and The Humber,195,Bradford,A647,Major,Chester St,A641,416180,432550,53.78903415,-1.75589524,0.4,0.2,Estimated,Estimated using AADF from previous year on this link,14,47,15171,157,1769,187,49,28,3,9,5,281,17425
70331,2019,8,Yorkshire and The Humber,195,Bradford,A647,Major,Chester St,A641,416180,432550,53.78903415,-1.75589524,0.4,0.2,Estimated,Estimated using AADF from previous year on this link,15,44,15361,159,1754,185,50,28,3,9,5,280,17598
70331,2020,8,Yorkshire and The Humber,195,Bradford,A647,Major,Chester St,A641,416180,432550,53.78903415,-1.75589524,0.4,0.2,Estimated,Estimated using AADF from previous year on this link,17,33,11668,100,1548,162,43,25,3,8,4,246,13595
70331,2021,8,Yorkshire and The Humber,195,Bradford,A647,Major,Chester St,A641,416180,432550,53.78903415,-1.75589524,0.4,0.2,Estimated,Estimated using AADF from previous year on this link,14,34,12855,103,1687,174,47,28,3,9,5,264,14944
70331,2022,8,Yorkshire and The Humber,195,Bradford,A647,Major,Chester St,A641,416180,432550,53.78903415,-1.75589524,0.4,0.2,Estimated,Estimated using AADF from previous year on this link,13,38,13730,111,1829,180,48,29,3,9,5,274,15982
70331,2023,8,Yorkshire and The Humber,195,Bradford,A647,Major,Chester St,A641,416180,432550,53.78903415,-1.75589524,0.4,0.2,Estimated,Estimated using AADF from previous year on this link,12,37,13988,112,1860,178,47,29,3,9,5,270,16268
70331,2024,8,Yorkshire and The Humber,195,Bradford,A647,Major,Chester St,A641,416180,432550,53.78903415,-1.75589524,0.4,0.2,Counted,Manual count,15,23,20082,349,1977,110,29,14,4,3,14,174,22605
70332,2000,8,Yorkshire and The Humber,195,Bradford,A6037,Major,A6181,A650,416545,433850,53.80070701,-1.75028615,0.2,0.1,Estimated,Estimated from nearby links,44,66,7362,216,821,69,8,5,7,12,5,106,8571
70332,2001,8,Yorkshire and The Humber,195,Bradford,A6037,Major,A6181,A650,416545,433850,53.80070701,-1.75028615,0.2,0.1,Estimated,Estimated from nearby links,42,69,7134,226,827,66,9,5,5,9,5,99,8355
70332,2002,8,Yorkshire and The Humber,195,Bradford,A6181,Major,A6181,A650,416545,433850,53.80070701,-1.75028615,0.2,0.1,Estimated,Estimated from nearby links,11,51,7531,45,1019,101,22,14,16,25,22,200,8846
70332,2003,8,Yorkshire and The Humber,195,Bradford,A6181,Major,A6181,A650,416545,433850,53.80070701,-1.75028615,0.2,0.1,Estimated,Estimated from nearby links,11,73,6893,38,1167,186,22,18,28,49,34,337,8508
70332,2004,8,Yorkshire and The Humber,195,Bradford,A6181,Major,A6181,A650,416545,433850,53.80070701,-1.75028615,0.2,0.1,Estimated,Estimated from nearby links,9,60,6929,35,1188,195,26,21,28,43,38,351,8563
70332,2005,8,Yorkshire and The Humber,195,Bradford,A6181,Major,A6181,A650,416545,433850,53.80070701,-1.75028615,0.2,0.1,Estimated,Estimated from nearby links,9,60,6978,49,1074,210,33,20,22,55,40,380,8541
70332,2006,8,Yorkshire and The Humber,195,Bradford,A6181,Major,A6181,A650,416545,433850,53.80070701,-1.75028615,0.2,0.1,Estimated,Estimated from nearby links,14,60,6956,48,1091,212,33,21,19,48,41,374,8529
70332,2007,8,Yorkshire and The Humber,195,Bradford,A6181,Major,A6181,A650,416545,433850,53.80070701,-1.75028615,0.2,0.1,Estimated,Estimated from nearby links,9,60,6689,46,1176,207,32,23,16,45,42,365,8336
70332,2008,8,Yorkshire and The Humber,195,Bradford,A6181,Major,A6181,A650,416545,433850,53.80070701,-1.75028615,0.2,0.1,Estimated,Estimated from nearby links,10,57,6555,46,1222,200,35,23,14,40,40,352,8232
70332,2009,8,Yorkshire and The Humber,195,Bradford,A6181,Major,A6181,A650,416545,433850,53.80070701,-1.75028615,0.2,0.1,Estimated,Estimated from nearby links,8,56,6853,41,1217,145,32,25,20,55,45,322,8489
70332,2010,8,Yorkshire and The Humber,195,Bradford,A6181,Major,A6181,A650,416545,433850,53.80070701,-1.75028615,0.2,0.1,Estimated,Estimated from nearby links,9,45,7789,64,1033,133,29,16,17,50,28,273,9204
70332,2011,8,Yorkshire and The Humber,195,Bradford,A6181,Major,A6181,A650,416545,433850,53.80070701,-1.75028615,0.2,0.1,Estimated,Estimated from nearby links,10,52,7594,69,1014,140,32,19,13,50,30,284,9013
70332,2012,8,Yorkshire and The Humber,195,Bradford,A6181,Major,A6181,A650,416545,433850,53.80070701,-1.75028615,0.2,0.1,Estimated,Estimated from nearby links,84,57,7227,162,1147,132,28,24,7,18,21,231,8825
70332,2013,8,Yorkshire and The Humber,195,Bradford,A6181,Major,A6181,A650,416545,433850,53.80070701,-1.75028615,0.2,0.1,Estimated,Estimated from nearby links,84,64,7171,169,1152,129,29,26,6,19,22,230,8787
70332,2014,8,Yorkshire and The Humber,195,Bradford,A6181,Major,A6181,A650,416545,433850,53.80070701,-1.75028615,0.2,0.1,Estimated,Estimated from nearby links,83,60,7235,159,1186,127,30,27,6,17,20,227,8866
70332,2015,8,Yorkshire and The Humber,195,Bradford,A6181,Major,A6181,A650,416545,433850,53.80070701,-1.75028615,0.2,0.1,Estimated,Estimated from nearby links,78,52,7156,167,1190,115,29,24,7,16,19,210,8774
70332,2016,8,Yorkshire and The Humber,195,Bradford,A6181,Major,A6181,A650,416545,433850,53.80070701,-1.75028615,0.2,0.1,Estimated,Estimated from nearby links,64,67,8174,127,1365,133,30,31,12,31,43,280,10013
70332,2017,8,Yorkshire and The Humber,195,Bradford,A6181,Major,A6181,A650,416545,433850,53.80070701,-1.75028615,0.2,0.1,Estimated,Estimated from nearby links,65,67,7969,118,1318,123,27,30,12,34,39,265,9736
70332,2018,8,Yorkshire and The Humber,195,Bradford,A6181,Major,A6181,A650,416545,433850,53.80070701,-1.75028615,0.2,0.1,Estimated,Estimated from nearby links,75,67,7951,106,1279,118,26,29,12,37,41,263,9666
70332,2019,8,Yorkshire and The Humber,195,Bradford,A6181,Major,A6181,A650,416545,433850,53.80070701,-1.75028615,0.2,0.1,Estimated,Estimated from nearby links,109,63,7964,133,1221,105,24,25,11,26,26,216,9597
70332,2020,8,Yorkshire and The Humber,195,Bradford,A6181,Major,A6181,A650,416545,433850,53.80070701,-1.75028615,0.2,0.1,Estimated,Estimated from nearby links,129,49,6256,90,1099,93,21,23,9,23,25,195,7688
70332,2021,8,Yorkshire and The Humber,195,Bradford,A6181,Major,A6181,A650,416545,433850,53.80070701,-1.75028615,0.2,0.1,Estimated,Estimated from nearby links,102,56,7344,94,1251,105,24,28,11,27,32,226,8971
70332,2022,8,Yorkshire and The Humber,195,Bradford,A6181,Major,A6181,A650,416545,433850,53.80070701,-1.75028615,0.2,0.1,Estimated,Estimated from nearby links,98,64,7849,104,1344,106,24,29,11,27,32,229,9589
70332,2023,8,Yorkshire and The Humber,195,Bradford,A6181,Major,A6181,A650,416545,433850,53.80070701,-1.75028615,0.2,0.1,Estimated,Estimated from nearby links,104,66,8183,111,1385,105,24,28,10,25,32,225,9970
70332,2024,8,Yorkshire and The Humber,195,Bradford,A6181,Major,A6181,A650,416545,433850,53.80070701,-1.75028615,0.2,0.1,Estimated,Estimated from nearby links,110,72,8623,119,1434,105,24,28,10,24,32,222,10471
70332,2025,8,Yorkshire and The Humber,195,Bradford,A6181,Major,A6181,A650,416545,433850,53.80070701,-1.75028615,0.2,0.1,Estimated,Estimated from nearby links,110,76,8668,119,1428,99,23,28,9,22,31,211,10502
73109,2000,8,Yorkshire and The Humber,195,Bradford,A58,Major,LA Boundary,A641,414750,426010,53.73029532,-1.77791003,0.1,0.1,Counted,Dependent on a neighbouring counted link,4,93,11358,58,1974,376,74,35,105,168,67,825,14308
73109,2001,8,Yorkshire and The Humber,195,Bradford,A58,Major,LA Boundary,A641,414750,426010,53.73029532,-1.77791003,0.1,0.1,Estimated,Estimated using AADF from previous year on this link,4,97,11005,61,1988,359,82,34,86,133,69,763,13914
73109,2002,8,Yorkshire and The Humber,195,Bradford,A58,Major,LA Boundary,A641,414750,426010,53.73029532,-1.77791003,0.1,0.1,Estimated,Estimated using AADF from previous year on this link,4,101,11181,61,2131,339,84,34,78,116,75,726,14200
73109,2003,8,Yorkshire and The Humber,195,Bradford,A58,Major,LA Boundary,A641,414750,426010,53.73029532,-1.77791003,0.1,0.1,Counted,Dependent on a neighbouring counted link,26,75,10985,80,1994,386,56,29,54,143,125,793,13927
73109,2004,8,Yorkshire and The Humber,195,Bradford,A58,Major,LA Boundary,A641,414750,426010,53.73029532,-1.77791003,0.1,0.1,Estimated,Estimated using AADF from previous year on this link,21,50,11127,64,2195,471,71,39,55,135,146,917,14353
73109,2005,8,Yorkshire and The Humber,195,Bradford,A58,Major,LA Boundary,A641,414750,426010,53.73029532,-1.77791003,0.1,0.1,Estimated,Estimated using AADF from previous year on this link,18,41,10616,62,2341,509,76,44,45,109,142,925,13985
73109,2006,8,Yorkshire and The Humber,195,Bradford,A58,Major,LA Boundary,A641,414750,426010,53.73029532,-1.77791003,0.1,0.1,Estimated,Estimated using AADF from previous year on this link,27,36,10413,56,2375,492,71,44,35,86,136,864,13744
73109,2007,8,Yorkshire and The Humber,195,Bradford,A58,Major,LA Boundary,A641,414750,426010,53.73029532,-1.77791003,0.1,0.1,Counted,Dependent on a neighbouring counted link,8,122,11783,27,2165,378,54,59,50,186,118,845,14942
73109,2008,8,Yorkshire and The Humber,195,Bradford,A58,Major,LA Boundary,A641,414750,426010,53.73029532,-1.77791003,0.1,0.1,Estimated,Estimated using AADF from previous year on this link,8,116,11525,23,2211,377,61,63,43,163,114,821,14696
73109,2009,8,Yorkshire and The Humber,195,Bradford,A58,Major,LA Boundary,A641,414750,426010,53.73029532,-1.77791003,0.1,0.1,Estimated,Estimated using AADF from previous year on this link,8,130,11779,23,2244,344,61,59,40,140,110,754,14930
73109,2010,8,Yorkshire and The Humber,195,Bradford,A58,Major,LA Boundary,A641,414750,426010,53.73029532,-1.77791003,0.1,0.1,Estimated,Estimated using AADF from previous year on this link,8,124,11708,26,2397,366,61,51,47,133,112,770,15025
73109,2011,8,Yorkshire and The Humber,195,Bradford,A58,Major,LA Boundary,A641,414750,426010,53.73029532,-1.77791003,0.1,0.1,Estimated,Estimated using AADF from previous year on this link,8,104,11673,24,2675,372,67,59,38,137,123,796,15272
73109,2012,8,Yorkshire and The Humber,195,Bradford,A58,Major,LA Boundary,A641,414750,426010,53.73029532,-1.77791003,0.1,0.1,Estimated,Estimated using AADF from previous year on this link,8,99,11491,26,2707,376,73,67,26,122,117,782,15105
73109,2013,8,Yorkshire and The Humber,195,Bradford,A58,Major,LA Boundary,A641,414750,426010,53.73029532,-1.77791003,0.1,0.1,Estimated,Estimated using AADF from previous year on this link,7,111,11390,27,2813,379,79,76,20,116,119,790,15130
73109,2014,8,Yorkshire and The Humber,195,Bradford,A58,Major,LA Boundary,A641,414750,426010,53.73029532,-1.77791003,0.1,0.1,Estimated,Estimated using AADF from previous year on this link,7,106,11698,26,3008,388,88,84,17,95,112,785,15624
73109,2015,8,Yorkshire and The Humber,195,Bradford,A58,Major,LA Boundary,A641,414750,426010,53.73029532,-1.77791003,0.1,0.1,Estimated,Estimated using AADF from previous year on this link,7,94,11930,28,3155,368,90,79,21,91,108,758,15965
73109,2016,8,Yorkshire and The Humber,195,Bradford,A58,Major,LA Boundary,A641,414750,426010,53.73029532,-1.77791003,0.1,0.1,Counted,Dependent on a neighbouring counted link,24,110,11625,16,2249,295,63,86,59,137,139,779,14779
73109,2017,8,Yorkshire and The Humber,195,Bradford,A58,Major,LA Boundary,A641,414750,426010,53.73029532,-1.77791003,0.1,0.1,Estimated,Estimated using AADF from previous year on this link,23,111,11540,15,2367,293,64,88,61,137,144,787,14821
73109,2018,8,Yorkshire and The Humber,195,Bradford,A58,Major,LA Boundary,A641,414750,426010,53.73029532,-1.77791003,0.1,0.1,Estimated,Estimated using AADF from previous year on this link,27,110,11413,14,2411,296,64,85,62,141,151,799,14747
73109,2019,8,Yorkshire and The Humber,195,Bradford,A58,Major,LA Boundary,A641,414750,426010,53.73029532,-1.77791003,0.1,0.1,Estimated,Estimated using AADF from previous year on this link,28,103,11556,14,2390,292,65,86,64,145,151,803,14866
73109,2020,8,Yorkshire and The Humber,195,Bradford,A58,Major,LA Boundary,A641,414750,426010,53.73029532,-1.77791003,0.1,0.1,Estimated,Estimated using AADF from previous year on this link,32,76,8777,9,2110,257,56,77,55,128,132,705,11677
73109,2021,8,Yorkshire and The Humber,195,Bradford,A58,Major,LA Boundary,A641,414750,426010,53.73029532,-1.77791003,0.1,0.1,Estimated,Estimated using AADF from previous year on this link,27,81,9670,9,2300,275,60,84,59,137,141,756,12816
73109,2022,8,Yorkshire and The Humber,195,Bradford,A58,Major,LA Boundary,A641,414750,426010,53.73029532,-1.77791003,0.1,0.1,Estimated,Estimated using AADF from previous year on this link,24,88,10329,10,2493,284,62,89,61,140,144,782,13702
73109,2023,8,Yorkshire and The Humber,195,Bradford,A58,Major,LA Boundary,A641,414750,426010,53.73029532,-1.77791003,0.1,0.1,Estimated,Estimated using AADF from previous year on this link,23,87,10523,10,2535,281,61,88,62,137,139,767,13922
73109,2024,8,Yorkshire and The Humber,195,Bradford,A58,Major,LA Boundary,A641,414750,426010,53.73029532,-1.77791003,0.1,0.1,Counted,Dependent on a neighbouring counted link,25,56,11313,8,2631,228,80,44,25,33,240,650,14658
73109,2025,8,Yorkshire and The Humber,195,Bradford,A58,Major,LA Boundary,A641,414750,426010,53.73029532,-1.77791003,0.1,0.1,Estimated,Estimated using AADF from previous year on this link,25,57,11327,7,2685,225,81,45,26,32,236,645,14720
73112,2000,8,Yorkshire and The Humber,195,Bradford,M606,Major,LA Boundary,A6177,417020,429250,53.75934763,-1.74332657,2.5,1.6,Counted,Dependent on a neighbouring counted link,0,225,44929,193,6920,2654,253,393,446,1234,705,5685,57952
73112,2001,8,Yorkshire and The Humber,195,Bradford,M606,Major,LA Boundary,A6177,417020,429250,53.75934763,-1.74332657,2.5,1.6,Counted,Dependent on a neighbouring counted link,0,205,37582,147,6785,2264,396,256,448,1359,826,5549,50268
73112,2002,8,Yorkshire and The Humber,195,Bradford,M606,Major,LA Boundary,A6177,417020,429250,53.75934763,-1.74332657,2.5,1.6,Counted,Dependent on a neighbouring counted link,0,182,42882,125,7948,2113,335,320,487,1302,792,5349,56486
73112,2003,8,Yorkshire and The Humber,195,Bradford,M606,Major,LA Boundary,A6177,417020,429250,53.75934763,-1.74332657,2.5,1.6,Estimated,Estimated using AADF from previous year on this link,0,206,41853,129,8186,2043,342,338,451,1122,847,5143,55517
73112,2004,8,Yorkshire and The Humber,195,Bradford,M606,Major,LA Boundary,A6177,417020,429250,53.75934763,-1.74332657,2.5,1.6,Counted,Dependent on a neighbouring counted link,0,201,44932,146,9559,1168,382,394,349,1354,728,4375,59213
73112,2005,8,Yorkshire and The Humber,195,Bradford,M606,Major,LA Boundary,A6177,417020,429250,53.75934763,-1.74332657,2.5,1.6,Estimated,Estimated using AADF from previous year on this link,0,203,44932,150,9893,1167,372,415,320,1225,797,4296,59474
73112,2006,8,Yorkshire and The Humber,195,Bradford,M606,Major,LA Boundary,A6177,417020,429250,53.75934763,-1.74332657,2.5,1.6,Counted,Dependent on a neighbouring counted link,0,193,46572,242,10874,1151,393,192,261,1370,961,4328,62209
73112,2007,8,Yorkshire and The Humber,195,Bradford,M606,Major,LA Boundary,A6177,417020,429250,53.75934763,-1.74332657,2.5,1.6,Estimated,Estimated using AADF from previous year on this link,0,199,46898,273,11515,1120,381,205,229,1326,1006,4267,63152
73112,2008,8,Yorkshire and The Humber,195,Bradford,M606,Major,LA Boundary,A6177,417020,429250,53.75934763,-1.74332657,2.5,1.6,Counted,Dependent on a neighbouring counted link,0,273,47542,176,10698,1018,406,273,294,1274,971,4236,62925
73112,2009,8,Yorkshire and The Humber,195,Bradford,M606,Major,LA Boundary,A6177,417020,429250,53.75934763,-1.74332657,2.5,1.6,Estimated,Estimated using AADF from previous year on this link,0,264,47114,189,10891,939,408,262,271,1094,938,3912,62370
73112,2010,8,Yorkshire and The Humber,195,Bradford,M606,Major,LA Boundary,A6177,417020,429250,53.75934763,-1.74332657,2.5,1.6,Counted,Dependent on a neighbouring counted link,0,217,50332,207,10298,1632,388,207,235,1271,1170,4903,65957
73112,2011,8,Yorkshire and The Humber,195,Bradford,M606,Major,LA Boundary,A6177,417020,429250,53.75934763,-1.74332657,2.5,1.6,Estimated,Estimated using AADF from previous year on this link,0,212,51188,236,10762,1560,400,224,177,1227,1210,4798,67196
73112,2012,8,Yorkshire and The Humber,195,Bradford,M606,Major,LA Boundary,A6177,417020,429250,53.75934763,-1.74332657,2.5,1.6,Counted,Dependent on a neighbouring counted link,0,154,47000,238,9179,2402,316,213,439,1382,952,5703,62274
73112,2013,8,Yorkshire and The Humber,195,Bradford,M606,Major,LA Boundary,A6177,417020,429250,53.75934763,-1.74332657,2.5,1.6,Estimated,Estimated using AADF from previous year on this link,0,169,47469,250,9910,2443,347,244,338,1360,1003,5735,63532
73112,2014,8,Yorkshire and The Humber,195,Bradford,M606,Major,LA Boundary,A6177,417020,429250,53.75934763,-1.74332657,2.5,1.6,Counted,Dependent on a neighbouring counted link,0,190,52584,202,9140,2349,322,178,399,1441,1113,5803,67918
73112,2015,8,Yorkshire and The Humber,195,Bradford,M606,Major,LA Boundary,A6177,417020,429250,53.75934763,-1.74332657,2.5,1.6,Estimated,Estimated using AADF from previous year on this link,0,185,52723,187,10170,2421,359,184,500,1460,1130,6052,69318
73112,2016,8,Yorkshire and The Humber,195,Bradford,M606,Major,LA Boundary,A6177,417020,429250,53.75934763,-1.74332657,2.5,1.6,Counted,Dependent on a neighbouring counted link,0,161,47002,146,10406,1576,368,310,384,1984,1035,5657,63372
73112,2017,8,Yorkshire and The Humber,195,Bradford,M606,Major,LA Boundary,A6177,417020,429250,53.75934763,-1.74332657,2.5,1.6,Counted,Dependent on a neighbouring counted link,0,127,56533,160,10694,1642,362,259,359,1573,1048,5244,72757
73112,2018,8,Yorkshire and The Humber,195,Bradford,M606,Major,LA Boundary,A6177,417020,429250,53.75934763,-1.74332657,2.5,1.6,Counted,Manual count,0,137,52485,131,10409,1555,428,320,138,582,2028,5052,68213
73112,2019,8,Yorkshire and The Humber,195,Bradford,M606,Major,LA Boundary,A6177,417020,429250,53.75934763,-1.74332657,2.5,1.6,Estimated,Estimated using AADF from previous year on this link,0,132,53290,132,10401,1547,453,334,137,580,2037,5088,69042
73112,2020,8,Yorkshire and The Humber,195,Bradford,M606,Major,LA Boundary,A6177,417020,429250,53.75934763,-1.74332657,2.5,1.6,Estimated,Estimated using AADF from previous year on this link,0,73,34428,71,8632,1357,402,305,125,546,1855,4590,47795
73112,2021,8,Yorkshire and The Humber,195,Bradford,M606,Major,LA Boundary,A6177,417020,429250,53.75934763,-1.74332657,2.5,1.6,Estimated,Estimated using AADF from previous year on this link,0,75,39358,71,10090,1545,447,343,137,589,2003,5065,54659
73112,2022,8,Yorkshire and The Humber,195,Bradford,M606,Major,LA Boundary,A6177,417020,429250,53.75934763,-1.74332657,2.5,1.6,Estimated,Estimated using AADF from previous year on this link,0,84,44611,81,11479,1577,465,344,143,596,2023,5147,61403
73112,2023,8,Yorkshire and The Humber,195,Bradford,M606,Major,LA Boundary,A6177,417020,429250,53.75934763,-1.74332657,2.5,1.6,Estimated,Estimated using AADF from previous year on this link,0,82,45850,85,11854,1571,465,349,143,587,1956,5072,62944
73112,2024,8,Yorkshire and The Humber,195,Bradford,M606,Major,LA Boundary,A6177,417020,429250,53.75934763,-1.74332657,2.5,1.6,Estimated,Estimated using AADF from previous year on this link,0,81,45772,85,12208,1586,464,365,142,594,1976,5127,63273
73112,2025,8,Yorkshire and The Humber,195,Bradford,M606,Major,LA Boundary,A6177,417020,429250,53.75934763,-1.74332657,2.5,1.6,Estimated,Estimated using AADF from previous year on this link,0,84,46687,86,12289,1615,476,388,144,607,2017,5248,64393
73114,2000,8,Yorkshire and The Humber,195,Bradford,A647,Major,A6177,LA Boundary,419130,433610,53.79846213,-1.71105443,1.7,1.1,Estimated,Estimated using AADF from previous year on this link,51,70,14400,409,2033,412,65,42,44,45,26,634,17546
73114,2001,8,Yorkshire and The Humber,195,Bradford,A647,Major,A6177,LA Boundary,419130,433610,53.79846213,-1.71105443,1.7,1.1,Counted,Manual count,49,74,13953,429,2047,393,72,41,35,36,27,604,17107
73114,2002,8,Yorkshire and The Humber,195,Bradford,A647,Major,A6177,LA Boundary,419130,433610,53.79846213,-1.71105443,1.7,1.1,Counted,Manual count,31,97,13112,334,1646,312,37,23,18,36,18,444,15633
73114,2003,8,Yorkshire and The Humber,195,Bradford,A647,Major,A6177,LA Boundary,419130,433610,53.79846213,-1.71105443,1.7,1.1,Estimated,Estimated using AADF from previous year on this link,28,138,12627,325,1788,302,37,24,18,32,20,433,15311
73114,2004,8,Yorkshire and The Humber,195,Bradford,A647,Major,A6177,LA Boundary,419130,433610,53.79846213,-1.71105443,1.7,1.1,Estimated,Estimated using AADF from previous year on this link,22,91,12791,266,1969,368,49,32,18,30,24,521,15638
73114,2005,8,Yorkshire and The Humber,195,Bradford,A647,Major,A6177,LA Boundary,419130,433610,53.79846213,-1.71105443,1.7,1.1,Estimated,Estimated using AADF from previous year on this link,19,74,12202,251,2098,399,51,37,14,25,22,548,15173
73114,2006,8,Yorkshire and The Humber,195,Bradford,A647,Major,A6177,LA Boundary,419130,433610,53.79846213,-1.71105443,1.7,1.1,Counted,Manual count,34,68,13995,377,1797,297,32,43,26,47,33,478,16715
73114,2007,8,Yorkshire and The Humber,195,Bradford,A647,Major,A6177,LA Boundary,419130,433610,53.79846213,-1.71105443,1.7,1.1,Estimated,Estimated using AADF from previous year on this link,20,65,13772,343,1892,277,30,45,21,41,31,445,16517
73114,2008,8,Yorkshire and The Humber,195,Bradford,A647,Major,A6177,LA Boundary,419130,433610,53.79846213,-1.71105443,1.7,1.1,Estimated,Estimated using AADF from previous year on this link,23,63,13469,299,1932,277,34,47,19,36,30,443,16206
73114,2009,8,Yorkshire and The Humber,195,Bradford,A647,Major,A6177,LA Boundary,419130,433610,53.79846213,-1.71105443,1.7,1.1,Estimated,Estimated using AADF from previous year on this link,23,70,13766,295,1961,253,34,45,17,31,29,409,16501
73114,2010,8,Yorkshire and The Humber,195,Bradford,A647,Major,A6177,LA Boundary,419130,433610,53.79846213,-1.71105443,1.7,1.1,Estimated,Estimated using AADF from previous year on this link,23,66,13683,335,2094,269,34,39,20,29,29,420,16598
73114,2011,8,Yorkshire and The Humber,195,Bradford,A647,Major,A6177,LA Boundary,419130,433610,53.79846213,-1.71105443,1.7,1.1,Estimated,Estimated using AADF from previous year on this link,25,55,13642,317,2337,273,37,45,16,30,32,433,16784
73114,2012,8,Yorkshire and The Humber,195,Bradford,A647,Major,A6177,LA Boundary,419130,433610,53.79846213,-1.71105443,1.7,1.1,Estimated,Estimated using AADF from previous year on this link,24,53,13429,345,2365,276,40,51,11,27,30,436,16627
73114,2013,8,Yorkshire and The Humber,195,Bradford,A647,Major,A6177,LA Boundary,419130,433610,53.79846213,-1.71105443,1.7,1.1,Estimated,Estimated using AADF from previous year on this link,23,59,13311,360,2458,278,44,58,8,25,31,445,16632
73114,2014,8,Yorkshire and The Humber,195,Bradford,A647,Major,A6177,LA Boundary,419130,433610,53.79846213,-1.71105443,1.7,1.1,Counted,Manual count,46,89,14577,334,1700,279,43,26,15,33,30,425,17125
73114,2015,8,Yorkshire and The Humber,195,Bradford,A647,Major,A6177,LA Boundary,419130,433610,53.79846213,-1.71105443,1.7,1.1,Estimated,Estimated using AADF from previous year on this link,43,78,14866,360,1782,264,44,25,18,32,28,411,17497
73114,2016,8,Yorkshire and The Humber,195,Bradford,A647,Major,A6177,LA Boundary,419130,433610,53.79846213,-1.71105443,1.7,1.1,Estimated,Estimated using AADF from previous year on this link,40,77,15098,333,1947,268,44,28,18,28,28,414,17869
73114,2017,8,Yorkshire and The Humber,195,Bradford,A647,Major,A6177,LA Boundary,419130,433610,53.79846213,-1.71105443,1.7,1.1,Estimated,Estimated using AADF from previous year on this link,38,78,14986,311,2050,266,44,29,19,28,29,415,17840
73114,2018,8,Yorkshire and The Humber,195,Bradford,A647,Major,A6177,LA Boundary,419130,433610,53.79846213,-1.71105443,1.7,1.1,Estimated,Estimated using AADF from previous year on this link,42,77,14821,282,2088,269,44,28,19,29,30,419,17687
73114,2019,8,Yorkshire and The Humber,195,Bradford,A647,Major,A6177,LA Boundary,419130,433610,53.79846213,-1.71105443,1.7,1.1,Estimated,Estimated using AADF from previous year on this link,46,72,15007,285,2070,265,45,28,20,30,30,418,17852
73114,2020,8,Yorkshire and The Humber,195,Bradford,A647,Major,A6177,LA Boundary,419130,433610,53.79846213,-1.71105443,1.7,1.1,Counted,Manual count,63,28,11156,335,1432,233,45,23,7,42,45,395,13346
73114,2021,8,Yorkshire and The Humber,195,Bradford,A647,Major,A6177,LA Boundary,419130,433610,53.79846213,-1.71105443,1.7,1.1,Estimated,Estimated using AADF from previous year on this link,51,30,12291,346,1561,249,48,25,8,45,48,423,14650
73114,2022,8,Yorkshire and The Humber,195,Bradford,A647,Major,A6177,LA Boundary,419130,433610,53.79846213,-1.71105443,1.7,1.1,Estimated,Estimated using AADF from previous year on this link,46,33,13128,371,1692,258,50,27,8,46,49,438,15662
73114,2023,8,Yorkshire and The Humber,195,Bradford,A647,Major,A6177,LA Boundary,419130,433610,53.79846213,-1.71105443,1.7,1.1,Estimated,Estimated using AADF from previous year on this link,45,32,13375,375,1721,255,49,26,8,45,47,430,15933
73114,2024,8,Yorkshire and The Humber,195,Bradford,A647,Major,A6177,LA Boundary,419130,433610,53.79846213,-1.71105443,1.7,1.1,Estimated,Estimated using AADF from previous year on this link,46,33,13577,377,1752,259,49,26,8,43,46,430,16169
73115,2000,8,Yorkshire and The Humber,195,Bradford,A657,Major,A658,LA Boundary,419238,437153,53.83030197,-1.70919538,0.5,0.3,Counted,Dependent on a neighbouring counted link,30,151,12207,165,1395,236,33,15,32,51,37,404,14322
73115,2001,8,Yorkshire and The Humber,195,Bradford,A657,Major,A658,LA Boundary,419238,437153,53.83030197,-1.70919538,0.5,0.3,Estimated,Estimated using AADF from previous year on this link,28,158,11828,173,1404,225,37,15,26,40,39,382,13945
73115,2002,8,Yorkshire and The Humber,195,Bradford,A657,Major,A658,LA Boundary,419238,437153,53.83030197,-1.70919538,0.5,0.3,Counted,Dependent on a neighbouring counted link,27,116,14956,164,1686,249,40,29,38,73,51,480,17402
73115,2003,8,Yorkshire and The Humber,195,Bradford,A657,Major,A658,LA Boundary,419238,437153,53.83030197,-1.70919538,0.5,0.3,Estimated,Estimated using AADF from previous year on this link,24,165,14403,160,1831,241,40,31,36,65,56,469,17028
73115,2004,8,Yorkshire and The Humber,195,Bradford,A657,Major,A658,LA Boundary,419238,437153,53.83030197,-1.70919538,0.5,0.3,Counted,Dependent on a neighbouring counted link,28,211,15222,162,1711,215,27,17,30,39,35,363,17669
73115,2005,8,Yorkshire and The Humber,195,Bradford,A657,Major,A658,LA Boundary,419238,437153,53.83030197,-1.70919538,0.5,0.3,Estimated,Estimated using AADF from previous year on this link,25,174,14523,153,1823,233,29,19,24,31,34,370,17043
73115,2006,8,Yorkshire and The Humber,195,Bradford,A657,Major,A658,LA Boundary,419238,437153,53.83030197,-1.70919538,0.5,0.3,Counted,Dependent on a neighbouring counted link,45,122,14924,194,2079,169,34,48,57,60,21,389,17708
73115,2007,8,Yorkshire and The Humber,195,Bradford,A657,Major,A658,LA Boundary,419238,437153,53.83030197,-1.70919538,0.5,0.3,Estimated,Estimated using AADF from previous year on this link,28,116,14685,177,2189,158,32,49,45,52,20,356,17523
73115,2008,8,Yorkshire and The Humber,195,Bradford,A657,Major,A658,LA Boundary,419238,437153,53.83030197,-1.70919538,0.5,0.3,Counted,Dependent on a neighbouring counted link,66,114,13431,168,1924,164,27,23,24,36,23,297,15934
73115,2009,8,Yorkshire and The Humber,195,Bradford,A657,Major,A658,LA Boundary,419238,437153,53.83030197,-1.70919538,0.5,0.3,Estimated,Estimated using AADF from previous year on this link,66,127,13727,166,1953,149,27,22,22,31,23,274,16247
73115,2010,8,Yorkshire and The Humber,195,Bradford,A657,Major,A658,LA Boundary,419238,437153,53.83030197,-1.70919538,0.5,0.3,Estimated,Estimated using AADF from previous year on this link,66,121,13644,188,2086,159,27,19,26,29,23,283,16322
73115,2011,8,Yorkshire and The Humber,195,Bradford,A657,Major,A658,LA Boundary,419238,437153,53.83030197,-1.70919538,0.5,0.3,Estimated,Estimated using AADF from previous year on this link,73,102,13603,177,2328,162,29,22,21,30,25,289,16499
73115,2012,8,Yorkshire and The Humber,195,Bradford,A657,Major,A658,LA Boundary,419238,437153,53.83030197,-1.70919538,0.5,0.3,Estimated,Estimated using AADF from previous year on this link,69,98,13391,192,2356,164,32,25,15,27,24,286,16322
73115,2013,8,Yorkshire and The Humber,195,Bradford,A657,Major,A658,LA Boundary,419238,437153,53.83030197,-1.70919538,0.5,0.3,Estimated,Estimated using AADF from previous year on this link,68,109,13273,201,2448,165,34,29,11,25,24,288,16319
73115,2014,8,Yorkshire and The Humber,195,Bradford,A657,Major,A658,LA Boundary,419238,437153,53.83030197,-1.70919538,0.5,0.3,Estimated,Estimated using AADF from previous year on this link,66,104,13633,194,2618,169,38,31,10,21,23,292,16840
73115,2015,8,Yorkshire and The Humber,195,Bradford,A657,Major,A658,LA Boundary,419238,437153,53.83030197,-1.70919538,0.5,0.3,Estimated,Estimated using AADF from previous year on this link,61,92,13903,209,2746,160,39,30,11,20,22,283,17231
73115,2016,8,Yorkshire and The Humber,195,Bradford,A657,Major,A658,LA Boundary,419238,437153,53.83030197,-1.70919538,0.5,0.3,Estimated,Estimated using AADF from previous year on this link,57,90,14119,193,2999,163,39,33,12,18,22,286,17688
73115,2017,8,Yorkshire and The Humber,195,Bradford,A657,Major,A658,LA Boundary,419238,437153,53.83030197,-1.70919538,0.5,0.3,Counted,Dependent on a neighbouring counted link,40,106,15607,132,1974,139,37,84,17,30,14,321,18140
73115,2018,8,Yorkshire and The Humber,195,Bradford,A657,Major,A658,LA Boundary,419238,437153,53.83030197,-1.70919538,0.5,0.3,Estimated,Estimated using AADF from previous year on this link,45,104,15435,120,2011,140,37,81,17,31,15,322,17992
73115,2019,8,Yorkshire and The Humber,195,Bradford,A657,Major,A658,LA Boundary,419238,437153,53.83030197,-1.70919538,0.5,0.3,Estimated,Estimated using AADF from previous year on this link,48,98,15629,121,1994,138,38,82,18,32,15,322,18164
73115,2020,8,Yorkshire and The Humber,195,Bradford,A657,Major,A658,LA Boundary,419238,437153,53.83030197,-1.70919538,0.5,0.3,Estimated,Estimated using AADF from previous year on this link,55,72,11871,76,1760,121,33,73,15,28,13,284,14064
73115,2021,8,Yorkshire and The Humber,195,Bradford,A657,Major,A658,LA Boundary,419238,437153,53.83030197,-1.70919538,0.5,0.3,Estimated,Estimated using AADF from previous year on this link,45,77,13079,79,1918,130,35,80,16,30,14,306,15458
73115,2022,8,Yorkshire and The Humber,195,Bradford,A657,Major,A658,LA Boundary,419238,437153,53.83030197,-1.70919538,0.5,0.3,Estimated,Estimated using AADF from previous year on this link,40,84,13969,85,2079,134,37,85,17,31,14,318,16535
73115,2023,8,Yorkshire and The Humber,195,Bradford,A657,Major,A658,LA Boundary,419238,437153,53.83030197,-1.70919538,0.5,0.3,Estimated,Estimated using AADF from previous year on this link,40,83,14232,86,2115,133,36,84,17,30,14,313,16828
73115,2024,8,Yorkshire and The Humber,195,Bradford,A657,Major,A658,LA Boundary,419238,437153,53.83030197,-1.70919538,0.5,0.3,Estimated,Estimated using AADF from previous year on this link,40,85,14448,86,2153,135,36,82,17,29,13,312,17083
73115,2025,8,Yorkshire and The Humber,195,Bradford,A657,Major,A658,LA Boundary,419238,437153,53.83030197,-1.70919538,0.5,0.3,Counted,Dependent on a neighbouring counted link,50,77,15422,95,2327,113,25,28,3,13,25,208,18128
73118,2000,8,Yorkshire and The Humber,195,Bradford,A65,Major,A6038,LA Boundary,417802,443748,53.8896269,-1.73063149,0.8,0.5,Estimated,Estimated using AADF from previous year on this link,137,149,19818,367,2261,274,47,78,46,44,18,507,23102
73118,2001,8,Yorkshire and The Humber,195,Bradford,A65,Major,A6038,LA Boundary,417802,443748,53.8896269,-1.73063149,0.8,0.5,Counted,Dependent on a neighbouring counted link,67,225,21455,264,2208,249,55,54,29,36,39,462,24614
73118,2002,8,Yorkshire and The Humber,195,Bradford,A65,Major,A6038,LA Boundary,417802,443748,53.8896269,-1.73063149,0.8,0.5,Counted,Dependent on a neighbouring counted link,67,134,20720,281,2404,268,48,49,25,42,17,449,23988
73118,2003,8,Yorkshire and The Humber,195,Bradford,A65,Major,A6038,LA Boundary,417802,443748,53.8896269,-1.73063149,0.8,0.5,Estimated,Estimated using AADF from previous year on this link,60,150,20430,250,2620,288,55,57,23,37,19,479,23929
73118,2004,8,Yorkshire and The Humber,195,Bradford,A65,Major,A6038,LA Boundary,417802,443748,53.8896269,-1.73063149,0.8,0.5,Estimated,Estimated using AADF from previous year on this link,48,132,20471,233,2597,288,58,63,23,33,20,485,23918
73118,2005,8,Yorkshire and The Humber,195,Bradford,A65,Major,A6038,LA Boundary,417802,443748,53.8896269,-1.73063149,0.8,0.5,Estimated,Estimated using AADF from previous year on this link,41,134,19959,229,2665,278,55,64,20,29,21,467,23454
73118,2006,8,Yorkshire and The Humber,195,Bradford,A65,Major,A6038,LA Boundary,417802,443748,53.8896269,-1.73063149,0.8,0.5,Counted,Dependent on a neighbouring counted link,166,180,19932,331,2328,228,66,67,56,26,25,468,23239
73118,2007,8,Yorkshire and The Humber,195,Bradford,A65,Major,A6038,LA Boundary,417802,443748,53.8896269,-1.73063149,0.8,0.5,Estimated,Estimated using AADF from previous year on this link,103,182,18995,319,2539,224,66,72,48,24,26,460,22495
73118,2008,8,Yorkshire and The Humber,195,Bradford,A65,Major,A6038,LA Boundary,417802,443748,53.8896269,-1.73063149,0.8,0.5,Estimated,Estimated using AADF from previous year on this link,116,170,18634,321,2659,215,71,74,43,21,25,449,22233
73118,2009,8,Yorkshire and The Humber,195,Bradford,A65,Major,A6038,LA Boundary,417802,443748,53.8896269,-1.73063149,0.8,0.5,Counted,Dependent on a neighbouring counted link,230,181,18501,196,2223,176,39,42,31,16,11,315,21416
73118,2010,8,Yorkshire and The Humber,195,Bradford,A65,Major,A6038,LA Boundary,417802,443748,53.8896269,-1.73063149,0.8,0.5,Estimated,Estimated using AADF from previous year on this link,230,167,18113,206,2234,174,37,35,34,14,11,305,21025
73118,2011,8,Yorkshire and The Humber,195,Bradford,A65,Major,A6038,LA Boundary,417802,443748,53.8896269,-1.73063149,0.8,0.5,Estimated,Estimated using AADF from previous year on this link,254,178,18023,206,2303,174,39,39,26,14,11,303,21013
73118,2012,8,Yorkshire and The Humber,195,Bradford,A65,Major,A6038,LA Boundary,417802,443748,53.8896269,-1.73063149,0.8,0.5,Estimated,Estimated using AADF from previous year on this link,240,161,17947,221,2212,154,37,39,19,13,11,273,20813
73118,2013,8,Yorkshire and The Humber,195,Bradford,A65,Major,A6038,LA Boundary,417802,443748,53.8896269,-1.73063149,0.8,0.5,Counted,Dependent on a neighbouring counted link,215,167,18014,157,2503,216,48,41,17,31,20,372,21213
73118,2014,8,Yorkshire and The Humber,195,Bradford,A65,Major,A6038,LA Boundary,417802,443748,53.8896269,-1.73063149,0.8,0.5,Estimated,Estimated using AADF from previous year on this link,208,177,17827,167,2850,228,55,47,18,30,22,399,21421
73118,2015,8,Yorkshire and The Humber,195,Bradford,A65,Major,A6038,LA Boundary,417802,443748,53.8896269,-1.73063149,0.8,0.5,Estimated,Estimated using AADF from previous year on this link,194,181,17500,165,2998,222,57,45,22,30,22,398,21242
73118,2016,8,Yorkshire and The Humber,195,Bradford,A65,Major,A6038,LA Boundary,417802,443748,53.8896269,-1.73063149,0.8,0.5,Estimated,Estimated using AADF from previous year on this link,181,177,17773,153,3275,225,57,51,23,26,22,403,21781
73118,2017,8,Yorkshire and The Humber,195,Bradford,A65,Major,A6038,LA Boundary,417802,443748,53.8896269,-1.73063149,0.8,0.5,Estimated,Estimated using AADF from previous year on this link,173,178,17642,143,3447,223,58,52,23,26,23,406,21817
73118,2018,8,Yorkshire and The Humber,195,Bradford,A65,Major,A6038,LA Boundary,417802,443748,53.8896269,-1.73063149,0.8,0.5,Counted,Dependent on a neighbouring counted link,335,159,17076,117,2370,201,42,74,18,25,20,379,20101
73118,2019,8,Yorkshire and The Humber,195,Bradford,A65,Major,A6038,LA Boundary,417802,443748,53.8896269,-1.73063149,0.8,0.5,Estimated,Estimated using AADF from previous year on this link,368,149,17290,118,2349,199,42,74,18,25,20,379,20285
73118,2020,8,Yorkshire and The Humber,195,Bradford,A65,Major,A6038,LA Boundary,417802,443748,53.8896269,-1.73063149,0.8,0.5,Estimated,Estimated using AADF from previous year on this link,420,110,13133,75,2073,175,37,66,16,22,17,333,15724
73118,2021,8,Yorkshire and The Humber,195,Bradford,A65,Major,A6038,LA Boundary,417802,443748,53.8896269,-1.73063149,0.8,0.5,Estimated,Estimated using AADF from previous year on this link,343,117,14469,77,2260,187,39,72,17,24,19,358,17281
73118,2022,8,Yorkshire and The Humber,195,Bradford,A65,Major,A6038,LA Boundary,417802,443748,53.8896269,-1.73063149,0.8,0.5,Estimated,Estimated using AADF from previous year on this link,307,128,15454,83,2450,193,41,77,18,24,19,372,18487
73118,2023,8,Yorkshire and The Humber,195,Bradford,A65,Major,A6038,LA Boundary,417802,443748,53.8896269,-1.73063149,0.8,0.5,Counted,Dependent on a neighbouring counted link,292,111,18883,94,2757,150,69,69,11,7,51,356,22201
73118,2024,8,Yorkshire and The Humber,195,Bradford,A65,Major,A6038,LA Boundary,417802,443748,53.8896269,-1.73063149,0.8,0.5,Estimated,Estimated using AADF from previous year on this link,296,114,19169,95,2807,152,69,67,10,7,49,355,22539
73118,2025,8,Yorkshire and The Humber,195,Bradford,A65,Major,A6038,LA Boundary,417802,443748,53.8896269,-1.73063149,0.8,0.5,Estimated,Estimated using AADF from previous year on this link,296,116,19192,93,2864,150,69,69,11,7,49,354,22619
73119,2000,8,Yorkshire and The Humber,195,Bradford,A6038,Major,A65,LA Boundary,417742,444274,53.89435656,-1.73151431,0.2,0.1,Estimated,Estimated using AADF from previous year on this link,61,68,8721,190,920,136,12,95,17,25,13,298,10197
73119,2001,8,Yorkshire and The Humber,195,Bradford,A6038,Major,A65,LA Boundary,417742,444274,53.89435656,-1.73151431,0.2,0.1,Estimated,Estimated using AADF from previous year on this link,54,76,8747,186,951,134,14,95,15,22,15,295,10255
73119,2002,8,Yorkshire and The Humber,195,Bradford,A6038,Major,A65,LA Boundary,417742,444274,53.89435656,-1.73151431,0.2,0.1,Estimated,Estimated using AADF from previous year on this link,57,75,8852,199,1027,138,16,105,15,20,17,311,10464
73119,2003,8,Yorkshire and The Humber,195,Bradford,A6038,Major,A65,LA Boundary,417742,444274,53.89435656,-1.73151431,0.2,0.1,Counted,Dependent on a neighbouring counted link,47,92,8931,207,1157,135,16,113,14,18,18,314,10701
73119,2004,8,Yorkshire and The Humber,195,Bradford,A6038,Major,A65,LA Boundary,417742,444274,53.89435656,-1.73151431,0.2,0.1,Estimated,Estimated using AADF from previous year on this link,46,95,8941,178,1167,140,18,127,13,16,19,333,10714
73119,2005,8,Yorkshire and The Humber,195,Bradford,A6038,Major,A65,LA Boundary,417742,444274,53.89435656,-1.73151431,0.2,0.1,Estimated,Estimated using AADF from previous year on this link,49,88,8931,179,1225,137,17,132,12,13,20,331,10754
73119,2006,8,Yorkshire and The Humber,195,Bradford,A6038,Major,A65,LA Boundary,417742,444274,53.89435656,-1.73151431,0.2,0.1,Estimated,Estimated using AADF from previous year on this link,46,74,9181,169,1285,140,17,142,10,12,22,343,11052
73119,2007,8,Yorkshire and The Humber,195,Bradford,A6038,Major,A65,LA Boundary,417742,444274,53.89435656,-1.73151431,0.2,0.1,Estimated,Estimated using AADF from previous year on this link,47,74,8943,182,1417,152,18,170,10,13,25,388,11004
73119,2008,8,Yorkshire and The Humber,195,Bradford,A6038,Major,A65,LA Boundary,417742,444274,53.89435656,-1.73151431,0.2,0.1,Estimated,Estimated using AADF from previous year on this link,47,73,8612,201,1417,143,20,170,9,12,25,379,10682
73119,2009,8,Yorkshire and The Humber,195,Bradford,A6038,Major,A65,LA Boundary,417742,444274,53.89435656,-1.73151431,0.2,0.1,Estimated,Estimated using AADF from previous year on this link,54,77,8509,202,1444,130,20,160,7,9,23,349,10581
73119,2010,8,Yorkshire and The Humber,195,Bradford,A6038,Major,A65,LA Boundary,417742,444274,53.89435656,-1.73151431,0.2,0.1,Counted,Dependent on a neighbouring counted link,100,87,8362,136,1183,118,24,50,23,15,11,241,10009
73119,2011,8,Yorkshire and The Humber,195,Bradford,A6038,Major,A65,LA Boundary,417742,444274,53.89435656,-1.73151431,0.2,0.1,Estimated,Estimated using AADF from previous year on this link,88,95,8387,142,1252,120,26,58,18,15,11,248,10124
73119,2012,8,Yorkshire and The Humber,195,Bradford,A6038,Major,A65,LA Boundary,417742,444274,53.89435656,-1.73151431,0.2,0.1,Estimated,Estimated using AADF from previous year on this link,82,88,8152,140,1314,121,28,66,13,14,11,254,9947
73119,2013,8,Yorkshire and The Humber,195,Bradford,A6038,Major,A65,LA Boundary,417742,444274,53.89435656,-1.73151431,0.2,0.1,Estimated,Estimated using AADF from previous year on this link,81,89,8001,128,1410,121,30,74,10,13,11,259,9888
73119,2014,8,Yorkshire and The Humber,195,Bradford,A6038,Major,A65,LA Boundary,417742,444274,53.89435656,-1.73151431,0.2,0.1,Estimated,Estimated using AADF from previous year on this link,65,91,8113,131,1516,120,33,79,10,13,12,266,10118
73119,2015,8,Yorkshire and The Humber,195,Bradford,A6038,Major,A65,LA Boundary,417742,444274,53.89435656,-1.73151431,0.2,0.1,Counted,Dependent on a neighbouring counted link,116,89,8709,145,1197,141,24,40,20,12,33,270,10409
73119,2016,8,Yorkshire and The Humber,195,Bradford,A6038,Major,A65,LA Boundary,417742,444274,53.89435656,-1.73151431,0.2,0.1,Estimated,Estimated using AADF from previous year on this link,116,89,8817,143,1292,148,23,46,21,11,34,283,10623
73119,2017,8,Yorkshire and The Humber,195,Bradford,A6038,Major,A65,LA Boundary,417742,444274,53.89435656,-1.73151431,0.2,0.1,Estimated,Estimated using AADF from previous year on this link,111,90,8752,133,1360,146,24,47,22,11,35,285,10620
73119,2018,8,Yorkshire and The Humber,195,Bradford,A6038,Major,A65,LA Boundary,417742,444274,53.89435656,-1.73151431,0.2,0.1,Estimated,Estimated using AADF from previous year on this link,125,89,8655,121,1386,148,24,46,22,12,36,287,10538
73119,2019,8,Yorkshire and The Humber,195,Bradford,A6038,Major,A65,LA Boundary,417742,444274,53.89435656,-1.73151431,0.2,0.1,Estimated,Estimated using AADF from previous year on this link,134,83,8764,122,1374,146,24,46,23,12,37,287,10630
73119,2020,8,Yorkshire and The Humber,195,Bradford,A6038,Major,A65,LA Boundary,417742,444274,53.89435656,-1.73151431,0.2,0.1,Estimated,Estimated using AADF from previous year on this link,154,62,6657,77,1212,128,21,41,20,11,32,252,8260
73119,2021,8,Yorkshire and The Humber,195,Bradford,A6038,Major,A65,LA Boundary,417742,444274,53.89435656,-1.73151431,0.2,0.1,Estimated,Estimated using AADF from previous year on this link,125,65,7334,80,1322,137,22,45,21,11,34,271,9071
73119,2022,8,Yorkshire and The Humber,195,Bradford,A6038,Major,A65,LA Boundary,417742,444274,53.89435656,-1.73151431,0.2,0.1,Estimated,Estimated using AADF from previous year on this link,112,71,7833,86,1433,142,23,48,22,12,35,281,9704
73119,2023,8,Yorkshire and The Humber,195,Bradford,A6038,Major,A65,LA Boundary,417742,444274,53.89435656,-1.73151431,0.2,0.1,Counted,Dependent on a neighbouring counted link,102,55,8936,75,1330,96,23,30,13,18,35,215,10611
73119,2024,8,Yorkshire and The Humber,195,Bradford,A6038,Major,A65,LA Boundary,417742,444274,53.89435656,-1.73151431,0.2,0.1,Estimated,Estimated using AADF from previous year on this link,104,57,9071,75,1354,97,23,30,12,17,34,214,10771
73119,2025,8,Yorkshire and The Humber,195,Bradford,A6038,Major,A65,LA Boundary,417742,444274,53.89435656,-1.73151431,0.2,0.1,Estimated,Estimated using AADF from previous year on this link,104,58,9082,73,1382,96,23,31,13,17,33,213,10808
73122,2000,8,Yorkshire and The Humber,195,Bradford,A6033,Major,LA Boundary,A629,403500,435430,53.81515577,-1.94832681,7.0,4.3,Estimated,Estimated using AADF from previous year on this link,5,28,1746,8,264,61,4,8,6,6,0,85,2131
73122,2001,8,Yorkshire and The Humber,195,Bradford,A6033,Major,LA Boundary,A629,403500,435430,53.81515577,-1.94832681,7.0,4.3,Counted,Dependent on a neighbouring counted link,6,28,1763,8,260,33,4,6,2,1,0,46,2105
73122,2002,8,Yorkshire and The Humber,195,Bradford,A6033,Major,LA Boundary,A629,403500,435430,53.81515577,-1.94832681,7.0,4.3,Estimated,Estimated using AADF from previous year on this link,6,28,1784,8,281,34,4,6,2,1,0,47,2148
73122,2003,8,Yorkshire and The Humber,195,Bradford,A6033,Major,LA Boundary,A629,403500,435430,53.81515577,-1.94832681,7.0,4.3,Estimated,Estimated using AADF from previous year on this link,5,35,1800,8,317,34,4,6,2,1,0,47,2207
73122,2004,8,Yorkshire and The Humber,195,Bradford,A6033,Major,LA Boundary,A629,403500,435430,53.81515577,-1.94832681,7.0,4.3,Estimated,Estimated using AADF from previous year on this link,5,35,1802,7,319,34,4,8,2,1,0,49,2212
73122,2005,8,Yorkshire and The Humber,195,Bradford,A6033,Major,LA Boundary,A629,403500,435430,53.81515577,-1.94832681,7.0,4.3,Counted,Dependent on a neighbouring counted link,8,48,2011,36,297,22,5,13,2,1,0,43,2435
73122,2006,8,Yorkshire and The Humber,195,Bradford,A6033,Major,LA Boundary,A629,403500,435430,53.81515577,-1.94832681,7.0,4.3,Estimated,Estimated using AADF from previous year on this link,7,40,2067,34,311,22,5,14,2,1,0,44,2496
73122,2007,8,Yorkshire and The Humber,195,Bradford,A6033,Major,LA Boundary,A629,403500,435430,53.81515577,-1.94832681,7.0,4.3,Estimated,Estimated using AADF from previous year on this link,7,40,2014,38,343,24,5,17,2,1,0,49,2484
73122,2008,8,Yorkshire and The Humber,195,Bradford,A6033,Major,LA Boundary,A629,403500,435430,53.81515577,-1.94832681,7.0,4.3,Counted,Dependent on a neighbouring counted link,12,56,1979,73,327,30,6,9,2,2,0,49,2484
73122,2009,8,Yorkshire and The Humber,195,Bradford,A6033,Major,LA Boundary,A629,403500,435430,53.81515577,-1.94832681,7.0,4.3,Estimated,Estimated using AADF from previous year on this link,14,58,1955,73,333,28,6,9,2,2,0,47,2466
73122,2010,8,Yorkshire and The Humber,195,Bradford,A6033,Major,LA Boundary,A629,403500,435430,53.81515577,-1.94832681,7.0,4.3,Counted,Dependent on a neighbouring counted link,35,45,1910,79,312,58,7,7,0,0,0,72,2418
73122,2011,8,Yorkshire and The Humber,195,Bradford,A6033,Major,LA Boundary,A629,403500,435430,53.81515577,-1.94832681,7.0,4.3,Estimated,Estimated using AADF from previous year on this link,31,49,1916,83,330,59,7,8,0,0,0,74,2452
73122,2012,8,Yorkshire and The Humber,195,Bradford,A6033,Major,LA Boundary,A629,403500,435430,53.81515577,-1.94832681,7.0,4.3,Estimated,Estimated using AADF from previous year on this link,29,45,1862,82,346,60,8,9,0,0,0,76,2412
73122,2013,8,Yorkshire and The Humber,195,Bradford,A6033,Major,LA Boundary,A629,403500,435430,53.81515577,-1.94832681,7.0,4.3,Estimated,Estimated using AADF from previous year on this link,29,46,1828,75,372,59,8,10,0,0,0,78,2398
73122,2014,8,Yorkshire and The Humber,195,Bradford,A6033,Major,LA Boundary,A629,403500,435430,53.81515577,-1.94832681,7.0,4.3,Estimated,Estimated using AADF from previous year on this link,23,47,1853,77,400,59,9,11,0,0,0,79,2456
73122,2015,8,Yorkshire and The Humber,195,Bradford,A6033,Major,LA Boundary,A629,403500,435430,53.81515577,-1.94832681,7.0,4.3,Estimated,Estimated using AADF from previous year on this link,23,45,1832,79,428,59,10,11,0,0,0,79,2462
73122,2016,8,Yorkshire and The Humber,195,Bradford,A6033,Major,LA Boundary,A629,403500,435430,53.81515577,-1.94832681,7.0,4.3,Estimated,Estimated using AADF from previous year on this link,23,45,1854,77,462,62,9,13,0,0,0,84,2522
73122,2017,8,Yorkshire and The Humber,195,Bradford,A6033,Major,LA Boundary,A629,403500,435430,53.81515577,-1.94832681,7.0,4.3,Estimated,Estimated using AADF from previous year on this link,23,44,1852,75,489,64,9,13,0,0,0,86,2546
73122,2018,8,Yorkshire and The Humber,195,Bradford,A6033,Major,LA Boundary,A629,403500,435430,53.81515577,-1.94832681,7.0,4.3,Estimated,Estimated using AADF from previous year on this link,27,43,1843,71,512,65,10,14,0,0,0,88,2558
73122,2019,8,Yorkshire and The Humber,195,Bradford,A6033,Major,LA Boundary,A629,403500,435430,53.81515577,-1.94832681,7.0,4.3,Counted,Dependent on a neighbouring counted link,4,15,1702,72,304,14,2,1,3,2,0,22,2115
73122,2020,8,Yorkshire and The Humber,195,Bradford,A6033,Major,LA Boundary,A629,403500,435430,53.81515577,-1.94832681,7.0,4.3,Estimated,Estimated using AADF from previous year on this link,5,11,1243,46,260,12,2,1,3,2,0,20,1580
73122,2021,8,Yorkshire and The Humber,195,Bradford,A6033,Major,LA Boundary,A629,403500,435430,53.81515577,-1.94832681,7.0,4.3,Estimated,Estimated using AADF from previous year on this link,4,12,1359,54,297,13,2,1,3,2,0,21,1744
73122,2022,8,Yorkshire and The Humber,195,Bradford,A6033,Major,LA Boundary,A629,403500,435430,53.81515577,-1.94832681,7.0,4.3,Estimated,Estimated using AADF from previous year on this link,4,13,1459,58,331,14,2,1,3,2,0,22,1884
73122,2023,8,Yorkshire and The Humber,195,Bradford,A6033,Major,LA Boundary,A629,403500,435430,53.81515577,-1.94832681,7.0,4.3,Estimated,Estimated using AADF from previous year on this link,4,12,1495,58,338,14,2,1,3,2,0,22,1925
73122,2024,8,Yorkshire and The Humber,195,Bradford,A6033,Major,LA Boundary,A629,403500,435430,53.81515577,-1.94832681,7.0,4.3,Estimated,Estimated using AADF from previous year on this link,3,12,1513,57,344,14,2,1,3,2,0,22,1948
73122,2025,8,Yorkshire and The Humber,195,Bradford,A6033,Major,LA Boundary,A629,403500,435430,53.81515577,-1.94832681,7.0,4.3,Estimated,Estimated using AADF from previous year on this link,4,12,1529,57,351,14,2,1,3,2,0,22,1972
73123,2000,8,Yorkshire and The Humber,195,Bradford,A629,Major,A44 Thornton Rd,A644 Brighouse Rd,407200,432830,53.79175016,-1.89219088,1.0,0.6,Estimated,Estimated using AADF from previous year on this link,16,175,8334,38,1214,353,32,62,49,89,40,625,10386
73123,2001,8,Yorkshire and The Humber,195,Bradford,A629,Major,A44 Thornton Rd,A644 Brighouse Rd,407200,432830,53.79175016,-1.89219088,1.0,0.6,Counted,Manual count,14,194,8359,38,1255,348,37,62,44,78,46,615,10461
73123,2002,8,Yorkshire and The Humber,195,Bradford,A629,Major,A44 Thornton Rd,A644 Brighouse Rd,407200,432830,53.79175016,-1.89219088,1.0,0.6,Estimated,Estimated using AADF from previous year on this link,15,192,8459,40,1354,358,41,69,42,71,53,634,10679
73123,2003,8,Yorkshire and The Humber,195,Bradford,A629,Major,A44 Thornton Rd,A644 Brighouse Rd,407200,432830,53.79175016,-1.89219088,1.0,0.6,Estimated,Estimated using AADF from previous year on this link,12,235,8535,42,1526,351,43,74,39,62,57,626,10964
73123,2004,8,Yorkshire and The Humber,195,Bradford,A629,Major,A44 Thornton Rd,A644 Brighouse Rd,407200,432830,53.79175016,-1.89219088,1.0,0.6,Estimated,Estimated using AADF from previous year on this link,12,243,8543,36,1538,365,47,84,37,54,62,649,11009
73123,2005,8,Yorkshire and The Humber,195,Bradford,A629,Major,A44 Thornton Rd,A644 Brighouse Rd,407200,432830,53.79175016,-1.89219088,1.0,0.6,Estimated,Estimated using AADF from previous year on this link,13,224,8535,36,1615,356,45,86,32,46,65,630,11040
73123,2006,8,Yorkshire and The Humber,195,Bradford,A629,Major,A44 Thornton Rd,A644 Brighouse Rd,407200,432830,53.79175016,-1.89219088,1.0,0.6,Estimated,Estimated using AADF from previous year on this link,12,189,8774,34,1694,363,44,93,30,43,73,646,11337
73123,2007,8,Yorkshire and The Humber,195,Bradford,A629,Major,A44 Thornton Rd,A644 Brighouse Rd,407200,432830,53.79175016,-1.89219088,1.0,0.6,Estimated,Estimated using AADF from previous year on this link,12,188,8545,36,1869,396,48,112,28,44,80,708,11346
73123,2008,8,Yorkshire and The Humber,195,Bradford,A629,Major,A44 Thornton Rd,A644 Brighouse Rd,407200,432830,53.79175016,-1.89219088,1.0,0.6,Counted,Manual count,14,47,7460,58,1111,240,31,42,27,57,44,441,9117
73123,2009,8,Yorkshire and The Humber,195,Bradford,A629,Major,A44 Thornton Rd,A644 Brighouse Rd,407200,432830,53.79175016,-1.89219088,1.0,0.6,Estimated,Estimated using AADF from previous year on this link,16,49,7370,58,1132,218,31,40,24,46,40,399,9008
73123,2010,8,Yorkshire and The Humber,195,Bradford,A629,Major,A44 Thornton Rd,A644 Brighouse Rd,407200,432830,53.79175016,-1.89219088,1.0,0.6,Estimated,Estimated using AADF from previous year on this link,16,44,7230,60,1165,228,31,34,27,42,39,401,8900
73123,2011,8,Yorkshire and The Humber,195,Bradford,A629,Major,A44 Thornton Rd,A644 Brighouse Rd,407200,432830,53.79175016,-1.89219088,1.0,0.6,Estimated,Estimated using AADF from previous year on this link,14,48,7252,62,1233,232,34,39,21,42,42,410,9005
73123,2012,8,Yorkshire and The Humber,195,Bradford,A629,Major,A44 Thornton Rd,A644 Brighouse Rd,407200,432830,53.79175016,-1.89219088,1.0,0.6,Estimated,Estimated using AADF from previous year on this link,13,44,7049,61,1294,235,37,44,15,39,42,413,8860
73123,2013,8,Yorkshire and The Humber,195,Bradford,A629,Major,A44 Thornton Rd,A644 Brighouse Rd,407200,432830,53.79175016,-1.89219088,1.0,0.6,Estimated,Estimated using AADF from previous year on this link,13,45,6918,56,1389,233,40,50,11,37,43,414,8822
73123,2014,8,Yorkshire and The Humber,195,Bradford,A629,Major,A44 Thornton Rd,A644 Brighouse Rd,407200,432830,53.79175016,-1.89219088,1.0,0.6,Estimated,Estimated using AADF from previous year on this link,10,46,7015,57,1493,232,43,53,12,35,47,422,9033
73123,2015,8,Yorkshire and The Humber,195,Bradford,A629,Major,A44 Thornton Rd,A644 Brighouse Rd,407200,432830,53.79175016,-1.89219088,1.0,0.6,Estimated,Estimated using AADF from previous year on this link,10,44,6932,59,1598,232,46,53,15,36,47,429,9062
73123,2016,8,Yorkshire and The Humber,195,Bradford,A629,Major,A44 Thornton Rd,A644 Brighouse Rd,407200,432830,53.79175016,-1.89219088,1.0,0.6,Counted,Manual count,17,43,8390,70,1609,224,38,117,27,64,57,528,10640
73123,2017,8,Yorkshire and The Humber,195,Bradford,A629,Major,A44 Thornton Rd,A644 Brighouse Rd,407200,432830,53.79175016,-1.89219088,1.0,0.6,Estimated,Estimated using AADF from previous year on this link,17,42,8380,68,1703,231,39,122,28,64,59,543,10735
73123,2018,8,Yorkshire and The Humber,195,Bradford,A629,Major,A44 Thornton Rd,A644 Brighouse Rd,407200,432830,53.79175016,-1.89219088,1.0,0.6,Estimated,Estimated using AADF from previous year on this link,17,41,8340,64,1784,234,40,129,28,65,60,555,10784
73123,2019,8,Yorkshire and The Humber,195,Bradford,A629,Major,A44 Thornton Rd,A644 Brighouse Rd,407200,432830,53.79175016,-1.89219088,1.0,0.6,Estimated,Estimated using AADF from previous year on this link,20,44,8358,64,1778,232,42,133,28,65,60,559,10803
73123,2020,8,Yorkshire and The Humber,195,Bradford,A629,Major,A44 Thornton Rd,A644 Brighouse Rd,407200,432830,53.79175016,-1.89219088,1.0,0.6,Estimated,Estimated using AADF from previous year on this link,26,33,6103,41,1522,209,36,117,25,59,53,500,8198
73123,2021,8,Yorkshire and The Humber,195,Bradford,A629,Major,A44 Thornton Rd,A644 Brighouse Rd,407200,432830,53.79175016,-1.89219088,1.0,0.6,Estimated,Estimated using AADF from previous year on this link,19,34,6674,48,1743,227,39,128,27,62,56,539,9038
73123,2022,8,Yorkshire and The Humber,195,Bradford,A629,Major,A44 Thornton Rd,A644 Brighouse Rd,407200,432830,53.79175016,-1.89219088,1.0,0.6,Estimated,Estimated using AADF from previous year on this link,19,38,7164,52,1941,233,40,131,28,64,58,554,9748
73123,2023,8,Yorkshire and The Humber,195,Bradford,A629,Major,A44 Thornton Rd,A644 Brighouse Rd,407200,432830,53.79175016,-1.89219088,1.0,0.6,Estimated,Estimated using AADF from previous year on this link,18,35,7341,51,1979,234,38,122,28,64,55,540,9947
73123,2024,8,Yorkshire and The Humber,195,Bradford,A629,Major,A44 Thornton Rd,A644 Brighouse Rd,407200,432830,53.79175016,-1.89219088,1.0,0.6,Counted,Manual count,19,75,8342,50,1808,126,60,60,15,8,76,346,10620
73123,2025,8,Yorkshire and The Humber,195,Bradford,A629,Major,A44 Thornton Rd,A644 Brighouse Rd,407200,432830,53.79175016,-1.89219088,1.0,0.6,Estimated,Estimated using AADF from previous year on this link,20,78,8431,49,1846,126,61,62,14,8,75,347,10750
74396,2000,8,Yorkshire and The Humber,195,Bradford,A650,Major,A6117,A650 split (Rook Lane),418240,430800,53.77323792,-1.72473073,0.4,0.2,Counted,Manual count,72,332,24818,398,4281,659,127,82,189,429,220,1706,31535
74396,2001,8,Yorkshire and The Humber,195,Bradford,A650,Major,A6117,A650 split (Rook Lane),418240,430800,53.77323792,-1.72473073,0.4,0.2,Estimated,Estimated using AADF from previous year on this link,69,344,25314,405,4264,646,146,82,166,368,247,1655,31982
74396,2002,8,Yorkshire and The Humber,195,Bradford,A650,Major,A6117,A650 split (Rook Lane),418240,430800,53.77323792,-1.72473073,0.4,0.2,Estimated,Estimated using AADF from previous year on this link,71,348,25264,414,4272,623,152,86,151,320,271,1603,31901
74396,2003,8,Yorkshire and The Humber,195,Bradford,A650,Major,A6117,A650 split (Rook Lane),418240,430800,53.77323792,-1.72473073,0.4,0.2,Estimated,Estimated using AADF from previous year on this link,63,391,24911,370,4656,669,172,101,144,284,298,1668,31996
74396,2004,8,Yorkshire and The Humber,195,Bradford,A650,Major,A6117,A650 split (Rook Lane),418240,430800,53.77323792,-1.72473073,0.4,0.2,Estimated,Estimated using AADF from previous year on this link,51,344,24960,344,4614,671,183,111,137,251,326,1679,31941
74396,2005,8,Yorkshire and The Humber,195,Bradford,A650,Major,A6117,A650 split (Rook Lane),418240,430800,53.77323792,-1.72473073,0.4,0.2,Estimated,Estimated using AADF from previous year on this link,43,348,24336,339,4735,645,171,113,120,218,344,1611,31369
74396,2006,8,Yorkshire and The Humber,195,Bradford,A650,Major,A6117,A650 split (Rook Lane),418240,430800,53.77323792,-1.72473073,0.4,0.2,Estimated,Estimated using AADF from previous year on this link,69,362,24410,333,4810,660,170,121,109,195,373,1628,31543
74396,2007,8,Yorkshire and The Humber,195,Bradford,A650,Major,A6117,A650 split (Rook Lane),418240,430800,53.77323792,-1.72473073,0.4,0.2,Counted,Manual count,45,223,23039,314,4000,698,95,121,119,333,245,1611,29187
74396,2008,8,Yorkshire and The Humber,195,Bradford,A650,Major,A6117,A650 split (Rook Lane),418240,430800,53.77323792,-1.72473073,0.4,0.2,Estimated,Estimated using AADF from previous year on this link,51,208,22601,316,4188,670,102,123,103,292,239,1529,28842
74396,2009,8,Yorkshire and The Humber,195,Bradford,A650,Major,A6117,A650 split (Rook Lane),418240,430800,53.77323792,-1.72473073,0.4,0.2,Counted,Manual count,81,201,23456,319,3712,574,123,100,103,236,360,1496,29184
74396,2010,8,Yorkshire and The Humber,195,Bradford,A650,Major,A6117,A650 split (Rook Lane),418240,430800,53.77323792,-1.72473073,0.4,0.2,Estimated,Estimated using AADF from previous year on this link,81,185,22964,335,3731,570,116,82,110,206,334,1418,28633
74396,2011,8,Yorkshire and The Humber,195,Bradford,A650,Major,A6117,A650 split (Rook Lane),418240,430800,53.77323792,-1.72473073,0.4,0.2,Estimated,Estimated using AADF from previous year on this link,90,197,22849,335,3847,568,125,92,85,204,353,1427,28655
74396,2012,8,Yorkshire and The Humber,195,Bradford,A650,Major,A6117,A650 split (Rook Lane),418240,430800,53.77323792,-1.72473073,0.4,0.2,Estimated,Estimated using AADF from previous year on this link,85,178,22752,360,3694,502,119,92,62,189,350,1314,28299
74396,2013,8,Yorkshire and The Humber,195,Bradford,A650,Major,A6117,A650 split (Rook Lane),418240,430800,53.77323792,-1.72473073,0.4,0.2,Counted,Manual count,91,236,20428,307,3907,538,94,120,73,275,250,1349,26227
74396,2014,8,Yorkshire and The Humber,195,Bradford,A650,Major,A6117,A650 split (Rook Lane),418240,430800,53.77323792,-1.72473073,0.4,0.2,Estimated,Estimated using AADF from previous year on this link,88,250,20216,326,4449,568,107,135,78,269,283,1440,26681
74396,2015,8,Yorkshire and The Humber,195,Bradford,A650,Major,A6117,A650 split (Rook Lane),418240,430800,53.77323792,-1.72473073,0.4,0.2,Estimated,Estimated using AADF from previous year on this link,82,255,19845,323,4680,552,113,131,95,265,279,1435,26538
74396,2016,8,Yorkshire and The Humber,195,Bradford,A650,Major,A6117,A650 split (Rook Lane),418240,430800,53.77323792,-1.72473073,0.4,0.2,Estimated,Estimated using AADF from previous year on this link,76,249,20155,299,5112,560,112,148,98,235,275,1428,27243
74396,2017,8,Yorkshire and The Humber,195,Bradford,A650,Major,A6117,A650 split (Rook Lane),418240,430800,53.77323792,-1.72473073,0.4,0.2,Counted,Manual count,117,176,23485,256,4334,578,121,119,66,245,259,1389,29639
74396,2018,8,Yorkshire and The Humber,195,Bradford,A650,Major,A6117,A650 split (Rook Lane),418240,430800,53.77323792,-1.72473073,0.4,0.2,Estimated,Estimated using AADF from previous year on this link,129,174,23227,232,4415,583,121,116,67,253,271,1411,29458
74396,2019,8,Yorkshire and The Humber,195,Bradford,A650,Major,A6117,A650 split (Rook Lane),418240,430800,53.77323792,-1.72473073,0.4,0.2,Estimated,Estimated using AADF from previous year on this link,141,163,23518,235,4376,576,123,117,69,260,271,1416,29707
74396,2020,8,Yorkshire and The Humber,195,Bradford,A650,Major,A6117,A650 split (Rook Lane),418240,430800,53.77323792,-1.72473073,0.4,0.2,Estimated,Estimated using AADF from previous year on this link,162,121,17864,148,3862,507,106,104,59,230,236,1243,23238
74396,2021,8,Yorkshire and The Humber,195,Bradford,A650,Major,A6117,A650 split (Rook Lane),418240,430800,53.77323792,-1.72473073,0.4,0.2,Estimated,Estimated using AADF from previous year on this link,132,128,19681,153,4210,542,114,114,64,246,253,1332,25504
74396,2022,8,Yorkshire and The Humber,195,Bradford,A650,Major,A6117,A650 split (Rook Lane),418240,430800,53.77323792,-1.72473073,0.4,0.2,Estimated,Estimated using AADF from previous year on this link,118,140,21021,164,4564,561,118,121,66,252,258,1377,27266
74396,2023,8,Yorkshire and The Humber,195,Bradford,A650,Major,A6117,A650 split (Rook Lane),418240,430800,53.77323792,-1.72473073,0.4,0.2,Estimated,Estimated using AADF from previous year on this link,116,138,21416,166,4642,554,116,119,67,245,248,1350,27711
74396,2024,8,Yorkshire and The Humber,195,Bradford,A650,Major,A6117,A650 split (Rook Lane),418240,430800,53.77323792,-1.72473073,0.4,0.2,Estimated,Estimated using AADF from previous year on this link,118,142,21741,167,4725,562,117,117,65,237,240,1339,28112
74396,2025,8,Yorkshire and The Humber,195,Bradford,A650,Major,A6117,A650 split (Rook Lane),418240,430800,53.77323792,-1.72473073,0.4,0.2,Counted,Manual count,84,115,23118,171,4125,421,112,146,39,145,369,1231,28760
74397,2000,8,Yorkshire and The Humber,195,Bradford,A6177,Major,Rook Lane,A650,417890,430850,53.77369935,-1.73003823,0.4,0.2,Counted,Manual count,56,202,37143,423,5826,1000,166,124,274,627,328,2519,46113
74397,2001,8,Yorkshire and The Humber,195,Bradford,A6177,Major,Rook Lane,A650,417890,430850,53.77369935,-1.73003823,0.4,0.2,Counted,Manual count,74,313,40581,366,6315,1101,159,134,213,596,271,2474,50049
74397,2002,8,Yorkshire and The Humber,195,Bradford,A6177,Major,Rook Lane,A650,417890,430850,53.77369935,-1.73003823,0.4,0.2,Estimated,Estimated using AADF from previous year on this link,77,316,40500,374,6327,1060,166,139,194,518,297,2374,49891
74397,2003,8,Yorkshire and The Humber,195,Bradford,A6177,Major,Rook Lane,A650,417890,430850,53.77369935,-1.73003823,0.4,0.2,Estimated,Estimated using AADF from previous year on this link,68,354,39933,334,6897,1138,188,163,185,460,327,2461,49979
74397,2004,8,Yorkshire and The Humber,195,Bradford,A6177,Major,Rook Lane,A650,417890,430850,53.77369935,-1.73003823,0.4,0.2,Estimated,Estimated using AADF from previous year on this link,56,313,40013,310,6835,1142,200,179,176,406,358,2461,49932
74397,2005,8,Yorkshire and The Humber,195,Bradford,A6177,Major,Rook Lane,A650,417890,430850,53.77369935,-1.73003823,0.4,0.2,Estimated,Estimated using AADF from previous year on this link,47,316,39013,306,7013,1098,187,181,155,353,376,2350,48998
74397,2006,8,Yorkshire and The Humber,195,Bradford,A6177,Major,Rook Lane,A650,417890,430850,53.77369935,-1.73003823,0.4,0.2,Estimated,Estimated using AADF from previous year on this link,74,328,39130,301,7124,1123,186,196,140,316,408,2369,49252
74397,2007,8,Yorkshire and The Humber,195,Bradford,A6177,Major,Rook Lane,A650,417890,430850,53.77369935,-1.73003823,0.4,0.2,Estimated,Estimated using AADF from previous year on this link,46,331,37290,289,7773,1108,184,213,120,298,417,2340,48023
74397,2008,8,Yorkshire and The Humber,195,Bradford,A6177,Major,Rook Lane,A650,417890,430850,53.77369935,-1.73003823,0.4,0.2,Estimated,Estimated using AADF from previous year on this link,52,309,36582,293,8138,1063,199,217,105,263,407,2254,47576
74397,2009,8,Yorkshire and The Humber,195,Bradford,A6177,Major,Rook Lane,A650,417890,430850,53.77369935,-1.73003823,0.4,0.2,Counted,Manual count,70,203,40147,320,6338,1112,155,212,89,477,336,2381,49389
74397,2010,8,Yorkshire and The Humber,195,Bradford,A6177,Major,Rook Lane,A650,417890,430850,53.77369935,-1.73003823,0.4,0.2,Counted,Manual count,72,260,39017,276,6649,953,244,195,129,487,425,2433,48635
74397,2011,8,Yorkshire and The Humber,195,Bradford,A6177,Major,Rook Lane,A650,417890,430850,53.77369935,-1.73003823,0.4,0.2,Estimated,Estimated using AADF from previous year on this link,80,276,38822,276,6855,949,262,219,99,480,449,2458,48687
74397,2012,8,Yorkshire and The Humber,195,Bradford,A6177,Major,Rook Lane,A650,417890,430850,53.77369935,-1.73003823,0.4,0.2,Counted,Manual count,75,249,39741,297,6448,832,196,184,110,459,354,2135,48871
74397,2013,8,Yorkshire and The Humber,195,Bradford,A6177,Major,Rook Lane,A650,417890,430850,53.77369935,-1.73003823,0.4,0.2,Estimated,Estimated using AADF from previous year on this link,74,250,39516,280,6522,830,211,206,81,430,355,2112,48680
74397,2014,8,Yorkshire and The Humber,195,Bradford,A6177,Major,Rook Lane,A650,417890,430850,53.77369935,-1.73003823,0.4,0.2,Counted,Manual count,51,197,39205,300,6213,1492,257,219,204,587,386,3144,49059
74397,2015,8,Yorkshire and The Humber,195,Bradford,A6177,Major,Rook Lane,A650,417890,430850,53.77369935,-1.73003823,0.4,0.2,Estimated,Estimated using AADF from previous year on this link,48,200,38485,298,6536,1450,270,213,248,579,381,3141,48660
74397,2016,8,Yorkshire and The Humber,195,Bradford,A6177,Major,Rook Lane,A650,417890,430850,53.77369935,-1.73003823,0.4,0.2,Counted,Manual count,93,173,40150,255,6772,1011,213,209,142,542,405,2522,49873
74397,2017,8,Yorkshire and The Humber,195,Bradford,A6177,Major,Rook Lane,A650,417890,430850,53.77369935,-1.73003823,0.4,0.2,Counted,Manual count,86,193,39013,326,7280,873,202,174,136,605,434,2424,49236
74397,2018,8,Yorkshire and The Humber,195,Bradford,A6177,Major,Rook Lane,A650,417890,430850,53.77369935,-1.73003823,0.5,0.3,Estimated,Estimated using AADF from previous year on this link,95,191,38584,296,7416,881,201,169,138,625,454,2468,48955
74397,2019,8,Yorkshire and The Humber,195,Bradford,A6177,Major,Rook Lane,A650,417890,430850,53.77369935,-1.73003823,0.5,0.3,Estimated,Estimated using AADF from previous year on this link,105,179,39068,299,7351,871,204,169,141,643,455,2483,49380
74397,2020,8,Yorkshire and The Humber,195,Bradford,A6177,Major,Rook Lane,A650,417890,430850,53.77369935,-1.73003823,0.5,0.3,Counted,Manual count,95,145,33763,150,7212,1058,237,197,107,371,911,2880,44150
74397,2021,8,Yorkshire and The Humber,195,Bradford,A6177,Major,Rook Lane,A650,417890,430850,53.77369935,-1.73003823,0.5,0.3,Estimated,Estimated using AADF from previous year on this link,77,153,37197,155,7862,1132,255,215,114,395,976,3087,48454
74397,2022,8,Yorkshire and The Humber,195,Bradford,A6177,Major,Rook Lane,A650,417890,430850,53.77369935,-1.73003823,0.5,0.3,Counted,Manual count,120,124,34683,184,6038,961,215,197,96,283,679,2431,43460
74397,2023,8,Yorkshire and The Humber,195,Bradford,A6177,Major,Rook Lane,A650,417890,430850,53.77369935,-1.73003823,0.5,0.3,Counted,Manual count,67,114,37832,171,6382,713,149,160,40,326,652,2039,46539
74397,2024,8,Yorkshire and The Humber,195,Bradford,A6177,Major,Rook Lane,A650,417890,430850,53.77369935,-1.73003823,0.5,0.3,Estimated,Estimated using AADF from previous year on this link,68,118,38405,172,6497,724,149,156,39,315,630,2014,47206
74397,2025,8,Yorkshire and The Humber,195,Bradford,A6177,Major,Rook Lane,A650,417890,430850,53.77369935,-1.73003823,0.5,0.3,Estimated,Estimated using AADF from previous year on this link,68,120,38451,168,6630,717,150,160,40,308,619,1993,47362
74525,2000,8,Yorkshire and The Humber,195,Bradford,A650,Major,A6037,A658,416751,433685,53.79921749,-1.74716744,0.7,0.4,Estimated,Estimated using AADF from previous year on this link,9,353,33635,145,5036,1082,130,70,111,282,111,1786,40955
74525,2001,8,Yorkshire and The Humber,195,Bradford,A650,Major,A6037,A658,416751,433685,53.79921749,-1.74716744,0.7,0.4,Counted,Manual count,9,366,34308,147,5016,1060,150,70,97,242,125,1744,41581
74525,2002,8,Yorkshire and The Humber,195,Bradford,A650,Major,A6037,A658,416751,433685,53.79921749,-1.74716744,0.7,0.4,Estimated,Estimated using AADF from previous year on this link,9,370,34240,151,5026,1021,156,73,88,210,137,1685,41472
74525,2003,8,Yorkshire and The Humber,195,Bradford,A650,Major,A6037,A658,416751,433685,53.79921749,-1.74716744,0.7,0.4,Estimated,Estimated using AADF from previous year on this link,8,415,33760,135,5478,1095,176,86,84,187,151,1779,41567
74525,2004,8,Yorkshire and The Humber,195,Bradford,A650,Major,A6037,A658,416751,433685,53.79921749,-1.74716744,0.7,0.4,Counted,Manual count,9,276,35659,120,5881,1089,118,134,173,361,178,2053,43989
74525,2005,8,Yorkshire and The Humber,195,Bradford,A650,Major,A6037,A658,416751,433685,53.79921749,-1.74716744,0.7,0.4,Estimated,Estimated using AADF from previous year on this link,7,279,34768,119,6033,1046,110,136,152,313,188,1945,43144
74525,2006,8,Yorkshire and The Humber,195,Bradford,A650,Major,A6037,A658,416751,433685,53.79921749,-1.74716744,0.7,0.4,Estimated,Estimated using AADF from previous year on this link,11,290,34872,117,6130,1070,110,146,138,280,203,1947,43356
74525,2007,8,Yorkshire and The Humber,195,Bradford,A650,Major,A6037,A658,416751,433685,53.79921749,-1.74716744,0.7,0.4,Estimated,Estimated using AADF from previous year on this link,7,293,33233,113,6688,1056,109,159,118,265,207,1914,42241
74525,2008,8,Yorkshire and The Humber,195,Bradford,A650,Major,A6037,A658,416751,433685,53.79921749,-1.74716744,0.7,0.4,Counted,Manual count,35,384,46218,214,6792,1021,153,103,116,309,177,1879,55487
74525,2009,8,Yorkshire and The Humber,195,Bradford,A650,Major,A6037,A658,416751,433685,53.79921749,-1.74716744,0.7,0.4,Counted,Manual count,36,402,45687,213,6338,970,120,120,99,311,182,1802,54442
74525,2010,8,Yorkshire and The Humber,195,Bradford,A650,Major,A6037,A658,416751,433685,53.79921749,-1.74716744,0.7,0.4,Counted,Manual count,25,325,43086,194,6369,1001,132,191,104,248,166,1842,51816
74525,2011,8,Yorkshire and The Humber,195,Bradford,A650,Major,A6037,A658,416751,433685,53.79921749,-1.74716744,0.7,0.4,Counted,Manual count,37,361,41990,161,6330,873,192,141,109,303,190,1808,50650
74525,2012,8,Yorkshire and The Humber,195,Bradford,A650,Major,A6037,A658,416751,433685,53.79921749,-1.74716744,0.7,0.4,Counted,Manual count,34,268,39987,120,6102,889,146,115,87,299,255,1792,48269
74525,2013,8,Yorkshire and The Humber,195,Bradford,A650,Major,A6037,A658,416751,433685,53.79921749,-1.74716744,0.7,0.4,Counted,Manual count,30,295,40995,144,6918,718,158,157,88,301,203,1625,49977
74525,2014,8,Yorkshire and The Humber,195,Bradford,A650,Major,A6037,A658,416751,433685,53.79921749,-1.74716744,0.7,0.4,Estimated,Estimated using AADF from previous year on this link,29,314,40570,153,7878,759,181,177,93,294,229,1734,50648
74525,2015,8,Yorkshire and The Humber,195,Bradford,A650,Major,A6037,A658,416751,433685,53.79921749,-1.74716744,0.7,0.4,Counted,Manual count,16,403,40987,97,5566,1102,116,137,114,292,203,1964,49016
74525,2016,8,Yorkshire and The Humber,195,Bradford,A650,Major,A6037,A658,416751,433685,53.79921749,-1.74716744,0.7,0.4,Counted,Manual count,23,254,42917,103,6947,849,181,225,111,339,225,1930,52152
74525,2017,8,Yorkshire and The Humber,195,Bradford,A650,Major,A6037,A658,416751,433685,53.79921749,-1.74716744,0.7,0.4,Counted,Manual count,19,333,42526,121,6725,789,138,233,98,373,267,1899,51603
74525,2018,8,Yorkshire and The Humber,195,Bradford,A650,Major,A6037,A658,416751,433685,53.79921749,-1.74716744,0.7,0.4,Estimated,Estimated using AADF from previous year on this link,21,329,42057,110,6851,796,138,227,99,386,280,1925,51272
74525,2019,8,Yorkshire and The Humber,195,Bradford,A650,Major,A6037,A658,416749,433711,53.79945124,-1.74719641,0.7,0.4,Counted,Manual count,21,220,43310,55,5830,1160,137,139,41,161,428,2066,51481
74525,2020,8,Yorkshire and The Humber,195,Bradford,A650,Major,A6037,A658,416749,433711,53.79945124,-1.74719641,0.7,0.4,Estimated,Estimated using AADF from previous year on this link,23,162,32897,35,5145,1020,119,124,36,143,373,1814,40054
74525,2021,8,Yorkshire and The Humber,195,Bradford,A650,Major,A6037,A658,416749,433711,53.79945124,-1.74719641,0.7,0.4,Counted,Manual count,10,205,37186,58,6761,1006,183,125,61,99,532,2005,46215
74525,2022,8,Yorkshire and The Humber,195,Bradford,A650,Major,A6037,A658,416749,433711,53.79945124,-1.74719641,0.7,0.4,Counted,Manual count,12,176,42212,77,6721,819,92,118,35,300,225,1589,50775
74525,2023,8,Yorkshire and The Humber,195,Bradford,A650,Major,A6037,A658,416749,433711,53.79945124,-1.74719641,0.7,0.4,Counted,Manual count,10,155,48820,84,7073,992,164,140,53,334,295,1978,58110
74525,2024,8,Yorkshire and The Humber,195,Bradford,A650,Major,A6037,A658,416749,433711,53.79945124,-1.74719641,0.7,0.4,Estimated,Estimated using AADF from previous year on this link,10,160,49560,84,7200,1007,165,137,52,323,285,1969,58973
74525,2025,8,Yorkshire and The Humber,195,Bradford,A650,Major,A6037,A658,416749,433711,53.79945124,-1.74719641,0.7,0.4,Counted,Manual count,7,204,46487,67,6977,676,172,179,37,191,438,1692,55428
75171,2000,8,Yorkshire and The Humber,195,Bradford,A6177,Major,Queen's Rd,Canal Rd,416000,434830,53.80953199,-1.75851024,0.2,0.1,Estimated,Estimated using AADF from previous year on this link,10,34,2056,3,362,107,4,12,5,8,6,142,2597
75171,2001,8,Yorkshire and The Humber,195,Bradford,A6177,Major,Queen's Rd,Canal Rd,416000,434830,53.80953199,-1.75851024,0.2,0.1,Counted,Manual count,10,35,1992,3,365,102,4,12,4,6,6,134,2529
75171,2002,8,Yorkshire and The Humber,195,Bradford,A6177,Major,Queen's Rd,Canal Rd,416000,434830,53.80953199,-1.75851024,0.2,0.1,Counted,Manual count,10,18,1873,1,469,74,4,3,5,5,6,97,2458
75171,2003,8,Yorkshire and The Humber,195,Bradford,A6177,Major,Queen's Rd,Canal Rd,416000,434830,53.80953199,-1.75851024,0.2,0.1,Estimated,Estimated using AADF from previous year on this link,8,25,1804,1,510,72,4,3,5,5,7,96,2436
75171,2004,8,Yorkshire and The Humber,195,Bradford,A6177,Major,Queen's Rd,Canal Rd,416000,434830,53.80953199,-1.75851024,0.2,0.1,Estimated,Estimated using AADF from previous year on this link,8,17,1827,1,561,87,5,4,5,4,7,112,2518
75171,2005,8,Yorkshire and The Humber,195,Bradford,A6177,Major,Queen's Rd,Canal Rd,416000,434830,53.80953199,-1.75851024,0.2,0.1,Estimated,Estimated using AADF from previous year on this link,6,14,1743,1,598,94,5,5,4,4,7,119,2475
75171,2006,8,Yorkshire and The Humber,195,Bradford,A6177,Major,Queen's Rd,Canal Rd,416000,434830,53.80953199,-1.75851024,0.2,0.1,Estimated,Estimated using AADF from previous year on this link,10,12,1710,1,606,91,5,5,4,3,7,115,2444
75171,2007,8,Yorkshire and The Humber,195,Bradford,A6177,Major,Queen's Rd,Canal Rd,416000,434830,53.80953199,-1.75851024,0.2,0.1,Estimated,Estimated using AADF from previous year on this link,6,12,1683,1,639,84,5,5,3,2,7,106,2441
75171,2008,8,Yorkshire and The Humber,195,Bradford,A6177,Major,Queen's Rd,Canal Rd,416000,434830,53.80953199,-1.75851024,0.2,0.1,Estimated,Estimated using AADF from previous year on this link,6,11,1646,1,652,84,5,5,2,2,7,105,2415
75171,2009,8,Yorkshire and The Humber,195,Bradford,A6177,Major,Queen's Rd,Canal Rd,416000,434830,53.80953199,-1.75851024,0.2,0.1,Estimated,Estimated using AADF from previous year on this link,6,12,1682,1,662,76,5,5,2,2,7,97,2454
75171,2010,8,Yorkshire and The Humber,195,Bradford,A6177,Major,Queen's Rd,Canal Rd,416000,434830,53.80953199,-1.75851024,0.2,0.1,Counted,Manual count,16,19,2353,11,397,43,12,5,6,13,4,83,2863
75171,2011,8,Yorkshire and The Humber,195,Bradford,A6177,Major,Queen's Rd,Canal Rd,416000,434830,53.80953199,-1.75851024,0.2,0.1,Estimated,Estimated using AADF from previous year on this link,17,16,2346,11,443,43,13,6,4,13,4,83,2899
75171,2012,8,Yorkshire and The Humber,195,Bradford,A6177,Major,Queen's Rd,Canal Rd,416000,434830,53.80953199,-1.75851024,0.2,0.1,Estimated,Estimated using AADF from previous year on this link,16,15,2309,12,448,43,14,7,3,12,4,83,2868
75171,2013,8,Yorkshire and The Humber,195,Bradford,A6177,Major,Queen's Rd,Canal Rd,416000,434830,53.80953199,-1.75851024,0.2,0.1,Estimated,Estimated using AADF from previous year on this link,16,17,2289,13,466,44,15,8,2,11,4,84,2868
75171,2014,8,Yorkshire and The Humber,195,Bradford,A6177,Major,Queen's Rd,Canal Rd,416000,434830,53.80953199,-1.75851024,0.2,0.1,Estimated,Estimated using AADF from previous year on this link,15,16,2351,12,498,45,17,9,2,9,4,85,2963
75171,2015,8,Yorkshire and The Humber,195,Bradford,A6177,Major,Queen's Rd,Canal Rd,416000,434830,53.80953199,-1.75851024,0.2,0.1,Estimated,Estimated using AADF from previous year on this link,14,14,2398,13,522,43,18,8,2,9,4,83,3030
75171,2016,8,Yorkshire and The Humber,195,Bradford,A6177,Major,Queen's Rd,Canal Rd,416000,434830,53.80953199,-1.75851024,0.2,0.1,Estimated,Estimated using AADF from previous year on this link,13,14,2435,12,571,43,17,9,2,8,3,83,3115
75171,2017,8,Yorkshire and The Humber,195,Bradford,A6177,Major,Queen's Rd,Canal Rd,416000,434830,53.80953199,-1.75851024,0.2,0.1,Estimated,Estimated using AADF from previous year on this link,13,14,2417,11,601,43,18,9,2,8,4,83,3127
75171,2018,8,Yorkshire and The Humber,195,Bradford,A6177,Major,Queen's Rd,Canal Rd,416000,434830,53.80953199,-1.75851024,0.2,0.1,Estimated,Estimated using AADF from previous year on this link,14,14,2391,10,612,43,18,9,2,8,4,84,3111
75171,2019,8,Yorkshire and The Humber,195,Bradford,A6177,Major,Queen's Rd,Canal Rd,416000,434830,53.80953199,-1.75851024,0.2,0.1,Counted,Manual count,169,28,2222,5,400,39,4,4,0,13,8,67,2722
75171,2020,8,Yorkshire and The Humber,195,Bradford,A6177,Major,Queen's Rd,Canal Rd,416000,434830,53.80953199,-1.75851024,0.2,0.1,Estimated,Estimated using AADF from previous year on this link,193,21,1688,3,353,34,3,3,0,11,7,59,2123
75171,2021,8,Yorkshire and The Humber,195,Bradford,A6177,Major,Queen's Rd,Canal Rd,416000,434830,53.80953199,-1.75851024,0.2,0.1,Estimated,Estimated using AADF from previous year on this link,158,22,1859,3,385,36,3,4,0,12,7,63,2332
75171,2022,8,Yorkshire and The Humber,195,Bradford,A6177,Major,Queen's Rd,Canal Rd,416000,434830,53.80953199,-1.75851024,0.2,0.1,Estimated,Estimated using AADF from previous year on this link,141,24,1986,3,418,38,3,4,0,12,8,65,2496
75171,2023,8,Yorkshire and The Humber,195,Bradford,A6177,Major,Queen's Rd,Canal Rd,416000,434830,53.80953199,-1.75851024,0.2,0.1,Estimated,Estimated using AADF from previous year on this link,139,24,2023,3,425,37,3,4,0,12,7,64,2539
75171,2024,8,Yorkshire and The Humber,195,Bradford,A6177,Major,Queen's Rd,Canal Rd,416000,434830,53.80953199,-1.75851024,0.2,0.1,Estimated,Estimated using AADF from previous year on this link,140,24,2054,3,432,38,3,4,0,12,7,63,2577
75171,2025,8,Yorkshire and The Humber,195,Bradford,A6177,Major,Queen's Rd,Canal Rd,416000,434830,53.80953199,-1.75851024,0.2,0.1,Estimated,Estimated using AADF from previous year on this link,141,25,2056,3,441,37,3,4,0,11,7,63,2588
75172,2000,8,Yorkshire and The Humber,195,Bradford,A6177,Major,Canal Rd,Queen's Rd,416100,434740,53.80872003,-1.75699633,0.2,0.1,Estimated,Estimated using AADF from previous year on this link,10,14,2640,14,385,78,15,14,9,26,7,149,3202
75172,2001,8,Yorkshire and The Humber,195,Bradford,A6177,Major,Canal Rd,Queen's Rd,416100,434740,53.80872003,-1.75699633,0.2,0.1,Counted,Manual count,10,15,2558,14,388,74,16,14,7,20,7,138,3113
75172,2002,8,Yorkshire and The Humber,195,Bradford,A6177,Major,Canal Rd,Queen's Rd,416100,434740,53.80872003,-1.75699633,0.2,0.1,Counted,Manual count,7,15,2264,6,436,61,9,6,4,7,2,89,2810
75172,2003,8,Yorkshire and The Humber,195,Bradford,A6177,Major,Canal Rd,Queen's Rd,416100,434740,53.80872003,-1.75699633,0.2,0.1,Estimated,Estimated using AADF from previous year on this link,6,22,2181,6,474,59,9,6,4,7,2,87,2770
75172,2004,8,Yorkshire and The Humber,195,Bradford,A6177,Major,Canal Rd,Queen's Rd,416100,434740,53.80872003,-1.75699633,0.2,0.1,Estimated,Estimated using AADF from previous year on this link,5,14,2209,5,521,72,12,8,4,6,2,104,2853
75172,2005,8,Yorkshire and The Humber,195,Bradford,A6177,Major,Canal Rd,Queen's Rd,416100,434740,53.80872003,-1.75699633,0.2,0.1,Estimated,Estimated using AADF from previous year on this link,4,12,2107,5,556,78,12,10,3,5,2,110,2790
75172,2006,8,Yorkshire and The Humber,195,Bradford,A6177,Major,Canal Rd,Queen's Rd,416100,434740,53.80872003,-1.75699633,0.2,0.1,Estimated,Estimated using AADF from previous year on this link,7,10,2067,4,564,75,12,10,3,4,2,106,2751
75172,2007,8,Yorkshire and The Humber,195,Bradford,A6177,Major,Canal Rd,Queen's Rd,416100,434740,53.80872003,-1.75699633,0.2,0.1,Estimated,Estimated using AADF from previous year on this link,4,10,2034,4,594,70,11,10,3,3,2,99,2741
75172,2008,8,Yorkshire and The Humber,195,Bradford,A6177,Major,Canal Rd,Queen's Rd,416100,434740,53.80872003,-1.75699633,0.2,0.1,Estimated,Estimated using AADF from previous year on this link,4,9,1989,3,606,70,12,11,1,3,2,99,2706
75172,2009,8,Yorkshire and The Humber,195,Bradford,A6177,Major,Canal Rd,Queen's Rd,416100,434740,53.80872003,-1.75699633,0.2,0.1,Estimated,Estimated using AADF from previous year on this link,4,10,2032,3,615,64,12,11,1,3,2,93,2753
75172,2010,8,Yorkshire and The Humber,195,Bradford,A6177,Major,Canal Rd,Queen's Rd,416100,434740,53.80872003,-1.75699633,0.2,0.1,Estimated,Estimated using AADF from previous year on this link,4,10,2020,3,657,68,12,10,1,3,2,96,2786
75172,2011,8,Yorkshire and The Humber,195,Bradford,A6177,Major,Canal Rd,Queen's Rd,416100,434740,53.80872003,-1.75699633,0.2,0.1,Counted,Manual count,2,13,2965,14,510,69,11,7,0,12,10,109,3611
75172,2012,8,Yorkshire and The Humber,195,Bradford,A6177,Major,Canal Rd,Queen's Rd,416100,434740,53.80872003,-1.75699633,0.2,0.1,Estimated,Estimated using AADF from previous year on this link,2,12,2919,15,516,70,12,8,0,11,10,110,3572
75172,2013,8,Yorkshire and The Humber,195,Bradford,A6177,Major,Canal Rd,Queen's Rd,416100,434740,53.80872003,-1.75699633,0.2,0.1,Estimated,Estimated using AADF from previous year on this link,2,14,2893,16,536,70,13,9,0,10,10,112,3571
75172,2014,8,Yorkshire and The Humber,195,Bradford,A6177,Major,Canal Rd,Queen's Rd,416100,434740,53.80872003,-1.75699633,0.2,0.1,Estimated,Estimated using AADF from previous year on this link,2,13,2971,15,574,72,14,10,0,8,9,114,3687
75172,2015,8,Yorkshire and The Humber,195,Bradford,A6177,Major,Canal Rd,Queen's Rd,416100,434740,53.80872003,-1.75699633,0.2,0.1,Estimated,Estimated using AADF from previous year on this link,2,12,3030,17,601,68,15,9,0,8,9,109,3769
75172,2016,8,Yorkshire and The Humber,195,Bradford,A6177,Major,Canal Rd,Queen's Rd,416100,434740,53.80872003,-1.75699633,0.2,0.1,Estimated,Estimated using AADF from previous year on this link,2,11,3078,15,657,69,15,11,0,7,9,110,3872
75172,2017,8,Yorkshire and The Humber,195,Bradford,A6177,Major,Canal Rd,Queen's Rd,416100,434740,53.80872003,-1.75699633,0.2,0.1,Estimated,Estimated using AADF from previous year on this link,2,12,3055,14,692,69,15,11,0,7,9,111,3883
75172,2018,8,Yorkshire and The Humber,195,Bradford,A6177,Major,Canal Rd,Queen's Rd,416100,434740,53.80872003,-1.75699633,0.2,0.1,Estimated,Estimated using AADF from previous year on this link,2,11,3021,13,705,69,15,11,0,7,9,112,3862
75172,2019,8,Yorkshire and The Humber,195,Bradford,A6177,Major,Canal Rd,Queen's Rd,416100,434740,53.80872003,-1.75699633,0.2,0.1,Counted,Manual count,4,4,2865,6,541,47,15,10,5,25,17,119,3535
75172,2020,8,Yorkshire and The Humber,195,Bradford,A6177,Major,Canal Rd,Queen's Rd,416100,434740,53.80872003,-1.75699633,0.2,0.1,Estimated,Estimated using AADF from previous year on this link,4,3,2176,4,478,41,13,9,4,23,15,105,2765
75172,2021,8,Yorkshire and The Humber,195,Bradford,A6177,Major,Canal Rd,Queen's Rd,416100,434740,53.80872003,-1.75699633,0.2,0.1,Estimated,Estimated using AADF from previous year on this link,4,3,2398,4,521,44,14,10,4,24,16,112,3038
75172,2022,8,Yorkshire and The Humber,195,Bradford,A6177,Major,Canal Rd,Queen's Rd,416100,434740,53.80872003,-1.75699633,0.2,0.1,Estimated,Estimated using AADF from previous year on this link,3,3,2561,4,565,46,15,10,5,25,16,116,3249
75172,2023,8,Yorkshire and The Humber,195,Bradford,A6177,Major,Canal Rd,Queen's Rd,416100,434740,53.80872003,-1.75699633,0.2,0.1,Estimated,Estimated using AADF from previous year on this link,3,3,2609,4,574,45,15,10,5,24,16,114,3305
75172,2024,8,Yorkshire and The Humber,195,Bradford,A6177,Major,Canal Rd,Queen's Rd,416100,434740,53.80872003,-1.75699633,0.2,0.1,Estimated,Estimated using AADF from previous year on this link,3,3,2649,4,584,46,15,10,4,23,15,113,3354
75172,2025,8,Yorkshire and The Humber,195,Bradford,A6177,Major,Canal Rd,Queen's Rd,416100,434740,53.80872003,-1.75699633,0.2,0.1,Estimated,Estimated using AADF from previous year on this link,3,3,2652,4,596,45,15,10,5,23,15,112,3368
75173,2000,8,Yorkshire and The Humber,195,Bradford,A6177,Major,Bolton Lane,Station Rd,415970,434760,53.80890375,-1.7589694,0.1,0.1,Estimated,Estimated from nearby links,40,138,17349,119,2051,329,20,10,23,18,22,422,20079
75173,2001,8,Yorkshire and The Humber,195,Bradford,A6177,Major,Bolton Lane,Station Rd,415970,434760,53.80890375,-1.7589694,0.1,0.1,Estimated,Estimated from nearby links,39,144,17282,123,2054,317,25,10,19,16,25,412,20015
75173,2002,8,Yorkshire and The Humber,195,Bradford,A6177,Major,Bolton Lane,Station Rd,415970,434760,53.80890375,-1.7589694,0.1,0.1,Estimated,Estimated from nearby links,37,117,16850,124,1749,288,26,39,13,19,20,405,19245
75173,2003,8,Yorkshire and The Humber,195,Bradford,A6177,Major,Bolton Lane,Station Rd,415970,434760,53.80890375,-1.7589694,0.1,0.1,Estimated,Estimated from nearby links,32,147,16442,117,1904,293,27,43,13,16,22,414,19024
75173,2004,8,Yorkshire and The Humber,195,Bradford,A6177,Major,Bolton Lane,Station Rd,415970,434760,53.80890375,-1.7589694,0.1,0.1,Estimated,Estimated from nearby links,24,116,16980,116,1926,301,29,56,14,20,14,434,19572
75173,2005,8,Yorkshire and The Humber,195,Bradford,A6177,Major,Bolton Lane,Station Rd,415970,434760,53.80890375,-1.7589694,0.1,0.1,Estimated,Estimated from nearby links,21,108,16402,112,2016,311,29,63,12,17,15,447,19085
75173,2006,8,Yorkshire and The Humber,195,Bradford,A6177,Major,Bolton Lane,Station Rd,415970,434760,53.80890375,-1.7589694,0.1,0.1,Estimated,Estimated from nearby links,32,106,16299,107,2048,307,28,64,11,14,15,439,18999
75173,2007,8,Yorkshire and The Humber,195,Bradford,A6177,Major,Bolton Lane,Station Rd,415970,434760,53.80890375,-1.7589694,0.1,0.1,Estimated,Estimated from nearby links,20,106,15743,101,2193,292,26,67,9,13,14,421,18564
75173,2008,8,Yorkshire and The Humber,195,Bradford,A6177,Major,Bolton Lane,Station Rd,415970,434760,53.80890375,-1.7589694,0.1,0.1,Estimated,Estimated from nearby links,23,100,15424,95,2268,287,29,70,7,11,14,418,18305
75173,2009,8,Yorkshire and The Humber,195,Bradford,A6177,Major,Bolton Lane,Station Rd,415970,434760,53.80890375,-1.7589694,0.1,0.1,Estimated,Estimated from nearby links,34,74,17418,93,1867,129,21,10,9,14,12,195,19647
75173,2010,8,Yorkshire and The Humber,195,Bradford,A6177,Major,Bolton Lane,Station Rd,415970,434760,53.80890375,-1.7589694,0.1,0.1,Estimated,Estimated from nearby links,35,70,17175,101,1935,133,21,9,10,13,12,198,19479
75173,2011,8,Yorkshire and The Humber,195,Bradford,A6177,Major,Bolton Lane,Station Rd,415970,434760,53.80890375,-1.7589694,0.1,0.1,Estimated,Estimated from nearby links,38,68,17106,98,2080,133,22,10,7,13,12,197,19549
75173,2012,8,Yorkshire and The Humber,195,Bradford,A6177,Major,Bolton Lane,Station Rd,415970,434760,53.80890375,-1.7589694,0.1,0.1,Estimated,Estimated from nearby links,185,125,15850,356,2516,291,61,53,15,40,47,507,19354
75173,2013,8,Yorkshire and The Humber,195,Bradford,A6177,Major,Bolton Lane,Station Rd,415970,434760,53.80890375,-1.7589694,0.1,0.1,Estimated,Estimated from nearby links,181,138,15420,364,2478,277,62,56,12,41,47,495,18895
75173,2014,8,Yorkshire and The Humber,195,Bradford,A6177,Major,Bolton Lane,Station Rd,415970,434760,53.80890375,-1.7589694,0.1,0.1,Estimated,Estimated from nearby links,183,133,15897,349,2605,279,66,59,12,37,44,498,19482
75173,2015,8,Yorkshire and The Humber,195,Bradford,A6177,Major,Bolton Lane,Station Rd,415970,434760,53.80890375,-1.7589694,0.1,0.1,Estimated,Estimated from nearby links,177,118,16240,378,2701,261,66,55,15,36,43,476,19913
75173,2016,8,Yorkshire and The Humber,195,Bradford,A6177,Major,Bolton Lane,Station Rd,415970,434760,53.80890375,-1.7589694,0.1,0.1,Estimated,Estimated from nearby links,122,129,15659,243,2614,255,57,60,23,60,83,537,19183
75173,2017,8,Yorkshire and The Humber,195,Bradford,A6177,Major,Bolton Lane,Station Rd,415970,434760,53.80890375,-1.7589694,0.1,0.1,Estimated,Estimated from nearby links,124,127,15148,223,2506,234,52,56,23,64,75,504,18508
75173,2018,8,Yorkshire and The Humber,195,Bradford,A6177,Major,Bolton Lane,Station Rd,415970,434760,53.80890375,-1.7589694,0.1,0.1,Estimated,Estimated from nearby links,142,127,15105,202,2429,225,49,54,23,70,79,500,18362
75173,2019,8,Yorkshire and The Humber,195,Bradford,A6177,Major,Bolton Lane,Station Rd,415970,434760,53.80890375,-1.7589694,0.1,0.1,Estimated,Estimated from nearby links,211,121,15391,257,2359,203,47,49,21,49,49,418,18545
75173,2020,8,Yorkshire and The Humber,195,Bradford,A6177,Major,Bolton Lane,Station Rd,415970,434760,53.80890375,-1.7589694,0.1,0.1,Estimated,Estimated from nearby links,241,91,11670,168,2050,174,40,43,18,42,47,363,14343
75173,2021,8,Yorkshire and The Humber,195,Bradford,A6177,Major,Bolton Lane,Station Rd,415970,434760,53.80890375,-1.7589694,0.1,0.1,Estimated,Estimated from nearby links,179,99,12912,165,2200,184,42,49,19,48,56,397,15773
75173,2022,8,Yorkshire and The Humber,195,Bradford,A6177,Major,Bolton Lane,Station Rd,415970,434760,53.80890375,-1.7589694,0.1,0.1,Estimated,Estimated from nearby links,172,112,13808,182,2365,187,43,50,19,47,56,402,16869
75173,2023,8,Yorkshire and The Humber,195,Bradford,A6177,Major,Bolton Lane,Station Rd,415970,434760,53.80890375,-1.7589694,0.1,0.1,Estimated,Estimated from nearby links,179,113,14096,191,2385,181,41,48,18,44,55,387,17173
75173,2024,8,Yorkshire and The Humber,195,Bradford,A6177,Major,Bolton Lane,Station Rd,415970,434760,53.80890375,-1.7589694,0.1,0.1,Estimated,Estimated from nearby links,193,126,15167,209,2523,185,43,49,17,42,56,391,18417
75173,2025,8,Yorkshire and The Humber,195,Bradford,A6177,Major,Bolton Lane,Station Rd,415970,434760,53.80890375,-1.7589694,0.1,0.1,Estimated,Estimated from nearby links,190,132,15008,206,2472,171,40,48,16,37,53,366,18183
75174,2000,8,Yorkshire and The Humber,195,Bradford,A6037,Major,Station Rd,Bolton Lane,416150,434800,53.80925776,-1.75623395,0.2,0.1,Estimated,Estimated using AADF from previous year on this link,54,259,23992,188,3456,738,60,84,52,101,45,1080,28975
75174,2001,8,Yorkshire and The Humber,195,Bradford,A6037,Major,Station Rd,Bolton Lane,416150,434800,53.80925776,-1.75623395,0.2,0.1,Counted,Manual count,52,268,24472,192,3442,723,69,84,45,87,51,1059,29433
75174,2002,8,Yorkshire and The Humber,195,Bradford,A6037,Major,Station Rd,Bolton Lane,416150,434800,53.80925776,-1.75623395,0.2,0.1,Estimated,Estimated using AADF from previous year on this link,54,271,24423,196,3449,696,72,88,41,76,55,1028,29367
75174,2003,8,Yorkshire and The Humber,195,Bradford,A6037,Major,Station Rd,Bolton Lane,416150,434800,53.80925776,-1.75623395,0.2,0.1,Estimated,Estimated using AADF from previous year on this link,48,304,24081,175,3759,747,82,104,39,67,61,1100,29419
75174,2004,8,Yorkshire and The Humber,195,Bradford,A6037,Major,Station Rd,Bolton Lane,416150,434800,53.80925776,-1.75623395,0.2,0.1,Estimated,Estimated using AADF from previous year on this link,39,268,24129,163,3726,749,87,113,37,60,67,1113,29399
75174,2005,8,Yorkshire and The Humber,195,Bradford,A6037,Major,Station Rd,Bolton Lane,416150,434800,53.80925776,-1.75623395,0.2,0.1,Estimated,Estimated using AADF from previous year on this link,33,271,23526,160,3822,720,81,115,33,51,70,1070,28849
75174,2006,8,Yorkshire and The Humber,195,Bradford,A6037,Major,Station Rd,Bolton Lane,416150,434800,53.80925776,-1.75623395,0.2,0.1,Estimated,Estimated using AADF from previous year on this link,52,282,23597,158,3884,737,81,124,29,46,75,1092,29013
75174,2007,8,Yorkshire and The Humber,195,Bradford,A6037,Major,Station Rd,Bolton Lane,416150,434800,53.80925776,-1.75623395,0.2,0.1,Estimated,Estimated using AADF from previous year on this link,33,284,22488,152,4237,727,80,135,26,44,77,1089,28250
75174,2008,8,Yorkshire and The Humber,195,Bradford,A6037,Major,Station Rd,Bolton Lane,416150,434800,53.80925776,-1.75623395,0.2,0.1,Estimated,Estimated using AADF from previous year on this link,36,265,22060,153,4436,698,87,137,22,39,75,1058,27972
75174,2009,8,Yorkshire and The Humber,195,Bradford,A6037,Major,Station Rd,Bolton Lane,416150,434800,53.80925776,-1.75623395,0.2,0.1,Counted,Manual count,75,315,23493,193,4168,628,97,160,112,252,161,1410,29579
75174,2010,8,Yorkshire and The Humber,195,Bradford,A6037,Major,Station Rd,Bolton Lane,416150,434800,53.80925776,-1.75623395,0.2,0.1,Counted,Manual count,66,347,23782,185,4244,582,123,121,66,234,156,1282,29840
75174,2011,8,Yorkshire and The Humber,195,Bradford,A6037,Major,Station Rd,Bolton Lane,416150,434800,53.80925776,-1.75623395,0.2,0.1,Estimated,Estimated using AADF from previous year on this link,73,368,23663,185,4376,580,132,136,51,231,165,1295,29887
75174,2012,8,Yorkshire and The Humber,195,Bradford,A6037,Major,Station Rd,Bolton Lane,416150,434800,53.80925776,-1.75623395,0.2,0.1,Estimated,Estimated using AADF from previous year on this link,69,332,23563,199,4202,513,126,136,37,214,164,1189,29485
75174,2013,8,Yorkshire and The Humber,195,Bradford,A6037,Major,Station Rd,Bolton Lane,416150,434800,53.80925776,-1.75623395,0.2,0.1,Estimated,Estimated using AADF from previous year on this link,68,332,23429,187,4250,512,135,152,27,201,164,1191,29390
75174,2014,8,Yorkshire and The Humber,195,Bradford,A6037,Major,Station Rd,Bolton Lane,416150,434800,53.80925776,-1.75623395,0.2,0.1,Estimated,Estimated using AADF from previous year on this link,66,353,23186,199,4840,540,155,172,29,196,185,1278,29856
75174,2015,8,Yorkshire and The Humber,195,Bradford,A6037,Major,Station Rd,Bolton Lane,416150,434800,53.80925776,-1.75623395,0.2,0.1,Counted,Manual count,69,209,23193,129,3880,852,148,109,81,252,151,1593,29003
75174,2016,8,Yorkshire and The Humber,195,Bradford,A6037,Major,Station Rd,Bolton Lane,416150,434800,53.80925776,-1.75623395,0.2,0.1,Estimated,Estimated using AADF from previous year on this link,65,204,23555,119,4239,865,146,123,84,224,148,1590,29707
75174,2017,8,Yorkshire and The Humber,195,Bradford,A6037,Major,Station Rd,Bolton Lane,416150,434800,53.80925776,-1.75623395,0.2,0.1,Estimated,Estimated using AADF from previous year on this link,62,206,23381,111,4462,859,149,126,87,223,154,1598,29758
75174,2018,8,Yorkshire and The Humber,195,Bradford,A6037,Major,Station Rd,Bolton Lane,416150,434800,53.80925776,-1.75623395,0.2,0.1,Estimated,Estimated using AADF from previous year on this link,68,204,23124,101,4546,866,148,123,88,230,161,1617,29591
75174,2019,8,Yorkshire and The Humber,195,Bradford,A6037,Major,Station Rd,Bolton Lane,416150,434800,53.80925776,-1.75623395,0.2,0.1,Estimated,Estimated using AADF from previous year on this link,75,191,23414,102,4506,856,151,123,90,237,162,1618,29831
75174,2020,8,Yorkshire and The Humber,195,Bradford,A6037,Major,Station Rd,Bolton Lane,416150,434800,53.80925776,-1.75623395,0.2,0.1,Estimated,Estimated using AADF from previous year on this link,86,142,17784,64,3977,752,131,110,78,210,141,1421,23388
75174,2021,8,Yorkshire and The Humber,195,Bradford,A6037,Major,Station Rd,Bolton Lane,416150,434800,53.80925776,-1.75623395,0.2,0.1,Estimated,Estimated using AADF from previous year on this link,70,150,19593,67,4335,805,140,121,83,223,150,1523,25668
75174,2022,8,Yorkshire and The Humber,195,Bradford,A6037,Major,Station Rd,Bolton Lane,416150,434800,53.80925776,-1.75623395,0.2,0.1,Estimated,Estimated using AADF from previous year on this link,63,164,20928,72,4700,833,145,128,87,229,154,1576,27438
75174,2023,8,Yorkshire and The Humber,195,Bradford,A6037,Major,Station Rd,Bolton Lane,416150,434800,53.80925776,-1.75623395,0.2,0.1,Counted,Manual count,48,185,22048,82,4066,746,78,106,50,287,213,1480,27861
75174,2024,8,Yorkshire and The Humber,195,Bradford,A6037,Major,Station Rd,Bolton Lane,416150,434800,53.80925776,-1.75623395,0.2,0.1,Estimated,Estimated using AADF from previous year on this link,48,191,22382,83,4139,758,78,103,49,278,205,1472,28266
75174,2025,8,Yorkshire and The Humber,195,Bradford,A6037,Major,Station Rd,Bolton Lane,416150,434800,53.80925776,-1.75623395,0.2,0.1,Estimated,Estimated using AADF from previous year on this link,48,194,22408,81,4224,750,78,106,50,271,202,1457,28365
76022,2000,8,Yorkshire and The Humber,195,Bradford,A650,Major,A650 (principal),LA Boundary,421100,429300,53.75964922,-1.68143926,0.6,0.4,Estimated,Estimated using AADF from previous year on this link,30,108,10994,26,1865,753,76,57,184,614,246,1930,14923
76022,2001,8,Yorkshire and The Humber,195,Bradford,A650,Major,A650 (principal),LA Boundary,421100,429300,53.75964922,-1.68143926,0.6,0.4,Estimated,Estimated using AADF from previous year on this link,28,113,10653,27,1878,719,85,55,149,486,255,1749,14420
76022,2002,8,Yorkshire and The Humber,195,Bradford,A650,Major,A650 (principal),LA Boundary,421100,429300,53.75964922,-1.68143926,0.6,0.4,Estimated,Estimated using AADF from previous year on this link,30,117,10823,27,2014,679,87,57,136,423,279,1661,14642
76022,2003,8,Yorkshire and The Humber,195,Bradford,A650,Major,A650 (principal),LA Boundary,421100,429300,53.75964922,-1.68143926,0.6,0.4,Counted,Manual count,27,167,10422,26,2187,658,88,60,130,377,309,1622,14424
76022,2004,8,Yorkshire and The Humber,195,Bradford,A650,Major,A650 (principal),LA Boundary,421100,429300,53.75964922,-1.68143926,0.6,0.4,Estimated,Estimated using AADF from previous year on this link,22,109,10557,22,2409,801,114,80,132,355,360,1842,14939
76022,2005,8,Yorkshire and The Humber,195,Bradford,A650,Major,A650 (principal),LA Boundary,421100,429300,53.75964922,-1.68143926,0.6,0.4,Estimated,Estimated using AADF from previous year on this link,19,90,10072,20,2568,868,121,91,108,287,352,1827,14577
76022,2006,8,Yorkshire and The Humber,195,Bradford,A650,Major,A650 (principal),LA Boundary,421100,429300,53.75964922,-1.68143926,0.6,0.4,Estimated,Estimated using AADF from previous year on this link,30,78,9880,19,2606,837,113,93,86,226,336,1691,14274
76022,2007,8,Yorkshire and The Humber,195,Bradford,A650,Major,A650 (principal),LA Boundary,421100,429300,53.75964922,-1.68143926,0.6,0.4,Estimated,Estimated using AADF from previous year on this link,19,76,9722,17,2744,778,105,95,67,197,317,1559,14118
76022,2008,8,Yorkshire and The Humber,195,Bradford,A650,Major,A650 (principal),LA Boundary,421100,429300,53.75964922,-1.68143926,0.6,0.4,Estimated,Estimated using AADF from previous year on this link,21,72,9508,15,2802,776,119,101,59,172,307,1534,13931
76022,2009,8,Yorkshire and The Humber,195,Bradford,A650,Major,A650 (principal),LA Boundary,421100,429300,53.75964922,-1.68143926,0.6,0.4,Estimated,Estimated using AADF from previous year on this link,21,80,9718,15,2844,706,117,96,55,149,298,1421,14078
76022,2010,8,Yorkshire and The Humber,195,Bradford,A650,Major,A650 (principal),LA Boundary,421100,429300,53.75964922,-1.68143926,0.6,0.4,Estimated,Estimated using AADF from previous year on this link,21,76,9660,17,3038,752,119,84,64,141,302,1462,14253
76022,2011,8,Yorkshire and The Humber,195,Bradford,A650,Major,A650 (principal),LA Boundary,421100,429300,53.75964922,-1.68143926,0.6,0.4,Counted,Manual count,36,162,10327,27,1846,479,97,104,64,358,283,1385,13747
76022,2012,8,Yorkshire and The Humber,195,Bradford,A650,Major,A650 (principal),LA Boundary,421100,429300,53.75964922,-1.68143926,0.6,0.4,Estimated,Estimated using AADF from previous year on this link,34,155,10166,29,1868,484,106,119,45,319,270,1342,13560
76022,2013,8,Yorkshire and The Humber,195,Bradford,A650,Major,A650 (principal),LA Boundary,421100,429300,53.75964922,-1.68143926,0.6,0.4,Estimated,Estimated using AADF from previous year on this link,34,173,10076,31,1941,488,115,135,33,303,274,1348,13569
76022,2014,8,Yorkshire and The Humber,195,Bradford,A650,Major,A650 (principal),LA Boundary,421100,429300,53.75964922,-1.68143926,0.6,0.4,Estimated,Estimated using AADF from previous year on this link,33,165,10349,30,2076,500,127,147,29,247,259,1310,13931
76022,2015,8,Yorkshire and The Humber,195,Bradford,A650,Major,A650 (principal),LA Boundary,421100,429300,53.75964922,-1.68143926,0.6,0.4,Estimated,Estimated using AADF from previous year on this link,30,146,10554,32,2177,474,131,140,35,238,249,1267,14176
76022,2016,8,Yorkshire and The Humber,195,Bradford,A650,Major,A650 (principal),LA Boundary,421100,429300,53.75964922,-1.68143926,0.6,0.4,Estimated,Estimated using AADF from previous year on this link,28,143,10719,29,2378,481,129,158,36,211,245,1261,14530
76022,2017,8,Yorkshire and The Humber,195,Bradford,A650,Major,A650 (principal),LA Boundary,421100,429300,53.75964922,-1.68143926,0.6,0.4,Estimated,Estimated using AADF from previous year on this link,27,144,10640,28,2503,478,132,162,38,210,255,1274,14589
76022,2018,8,Yorkshire and The Humber,195,Bradford,A650,Major,A650 (principal),LA Boundary,421100,429300,53.75964922,-1.68143926,0.6,0.4,Estimated,Estimated using AADF from previous year on this link,30,142,10523,25,2550,482,131,157,38,217,267,1292,14533
76022,2019,8,Yorkshire and The Humber,195,Bradford,A650,Major,A650 (principal),LA Boundary,421203,429108,53.75791943,-1.6798901,0.6,0.4,Counted,Manual count,29,89,11572,23,2687,388,77,119,66,339,248,1237,15607
76022,2020,8,Yorkshire and The Humber,195,Bradford,A650,Major,A650 (principal),LA Boundary,421203,429108,53.75791943,-1.6798901,0.6,0.4,Estimated,Estimated using AADF from previous year on this link,33,66,8790,15,2371,341,67,106,57,300,216,1087,12328
76022,2021,8,Yorkshire and The Humber,195,Bradford,A650,Major,A650 (principal),LA Boundary,421203,429108,53.75791943,-1.6798901,0.6,0.4,Estimated,Estimated using AADF from previous year on this link,27,70,9684,15,2585,365,72,116,61,320,231,1165,13518
76022,2022,8,Yorkshire and The Humber,195,Bradford,A650,Major,A650 (principal),LA Boundary,421203,429108,53.75791943,-1.6798901,0.6,0.4,Estimated,Estimated using AADF from previous year on this link,24,76,10343,16,2802,377,74,123,64,328,236,1203,14441
76022,2023,8,Yorkshire and The Humber,195,Bradford,A650,Major,A650 (principal),LA Boundary,421203,429108,53.75791943,-1.6798901,0.6,0.4,Estimated,Estimated using AADF from previous year on this link,24,75,10538,16,2849,373,73,122,64,320,227,1178,14657
76022,2024,8,Yorkshire and The Humber,195,Bradford,A650,Major,A650 (principal),LA Boundary,421203,429108,53.75791943,-1.6798901,0.6,0.4,Estimated,Estimated using AADF from previous year on this link,24,77,10697,17,2901,378,73,119,63,310,220,1162,14854
76022,2025,8,Yorkshire and The Humber,195,Bradford,A650,Major,A650 (principal),LA Boundary,421203,429108,53.75791943,-1.6798901,0.6,0.4,Estimated,Estimated using AADF from previous year on this link,24,79,10710,16,2960,374,73,122,64,302,216,1151,14916
77055,2002,8,Yorkshire and The Humber,195,Bradford,A644,Major,A629 Halifax Rd,A644 Brighouse Rd,407400,432210,53.78617493,-1.88916958,0.7,0.4,Counted,Manual count,2,63,7010,40,1232,264,31,61,21,66,27,470,8815
77055,2003,8,Yorkshire and The Humber,195,Bradford,A644,Major,A629 Halifax Rd,A644 Brighouse Rd,407400,432210,53.78617493,-1.88916958,0.7,0.4,Estimated,Estimated using AADF from previous year on this link,2,78,7073,41,1389,259,32,65,20,58,29,463,9044
77055,2004,8,Yorkshire and The Humber,195,Bradford,A644,Major,A629 Halifax Rd,A644 Brighouse Rd,407400,432210,53.78617493,-1.88916958,0.7,0.4,Estimated,Estimated using AADF from previous year on this link,2,79,7080,36,1400,269,36,74,19,50,31,479,9074
77055,2005,8,Yorkshire and The Humber,195,Bradford,A644,Major,A629 Halifax Rd,A644 Brighouse Rd,407400,432210,53.78617493,-1.88916958,0.7,0.4,Estimated,Estimated using AADF from previous year on this link,2,74,7073,36,1469,263,33,77,16,43,33,465,9117
77055,2006,8,Yorkshire and The Humber,195,Bradford,A644,Major,A629 Halifax Rd,A644 Brighouse Rd,407400,432210,53.78617493,-1.88916958,0.7,0.4,Estimated,Estimated using AADF from previous year on this link,2,62,7271,33,1542,268,33,82,15,40,37,475,9383
77055,2007,8,Yorkshire and The Humber,195,Bradford,A644,Major,A629 Halifax Rd,A644 Brighouse Rd,407400,432210,53.78617493,-1.88916958,0.7,0.4,Estimated,Estimated using AADF from previous year on this link,2,62,7082,37,1701,292,37,99,14,41,41,524,9406
77055,2008,8,Yorkshire and The Humber,195,Bradford,A644,Major,A629 Halifax Rd,A644 Brighouse Rd,407400,432210,53.78617493,-1.88916958,0.7,0.4,Estimated,Estimated using AADF from previous year on this link,2,62,6820,40,1701,275,38,99,12,38,41,503,9126
77055,2009,8,Yorkshire and The Humber,195,Bradford,A644,Major,A629 Halifax Rd,A644 Brighouse Rd,407400,432210,53.78617493,-1.88916958,0.7,0.4,Estimated,Estimated using AADF from previous year on this link,2,65,6738,40,1733,250,38,94,11,31,38,462,9038
77055,2010,8,Yorkshire and The Humber,195,Bradford,A644,Major,A629 Halifax Rd,A644 Brighouse Rd,407400,432210,53.78617493,-1.88916958,0.7,0.4,Counted,Manual count,9,33,6540,70,1278,109,28,46,9,26,16,234,8155
77055,2011,8,Yorkshire and The Humber,195,Bradford,A644,Major,A629 Halifax Rd,A644 Brighouse Rd,407400,432210,53.78617493,-1.88916958,0.7,0.4,Estimated,Estimated using AADF from previous year on this link,7,36,6560,73,1352,111,31,53,7,26,17,245,8266
77055,2012,8,Yorkshire and The Humber,195,Bradford,A644,Major,A629 Halifax Rd,A644 Brighouse Rd,407400,432210,53.78617493,-1.88916958,0.7,0.4,Estimated,Estimated using AADF from previous year on this link,7,33,6376,72,1418,112,34,60,5,24,17,253,8153
77055,2013,8,Yorkshire and The Humber,195,Bradford,A644,Major,A629 Halifax Rd,A644 Brighouse Rd,407400,432210,53.78617493,-1.88916958,0.7,0.4,Estimated,Estimated using AADF from previous year on this link,6,34,6258,66,1523,112,36,68,4,23,17,260,8140
77055,2014,8,Yorkshire and The Humber,195,Bradford,A644,Major,A629 Halifax Rd,A644 Brighouse Rd,407400,432210,53.78617493,-1.88916958,0.7,0.4,Estimated,Estimated using AADF from previous year on this link,5,35,6346,68,1637,111,39,72,4,22,19,267,8352
77055,2015,8,Yorkshire and The Humber,195,Bradford,A644,Major,A629 Halifax Rd,A644 Brighouse Rd,407400,432210,53.78617493,-1.88916958,0.7,0.4,Estimated,Estimated using AADF from previous year on this link,5,33,6271,69,1752,111,42,72,5,22,19,271,8396
77055,2016,8,Yorkshire and The Humber,195,Bradford,A644,Major,A629 Halifax Rd,A644 Brighouse Rd,407400,432210,53.78617493,-1.88916958,0.7,0.4,Estimated,Estimated using AADF from previous year on this link,5,33,6349,68,1892,117,40,83,5,21,20,285,8627
77055,2017,8,Yorkshire and The Humber,195,Bradford,A644,Major,A629 Halifax Rd,A644 Brighouse Rd,407400,432210,53.78617493,-1.88916958,0.7,0.4,Estimated,Estimated using AADF from previous year on this link,5,32,6341,66,2002,120,42,86,5,21,20,294,8736
77055,2018,8,Yorkshire and The Humber,195,Bradford,A644,Major,A629 Halifax Rd,A644 Brighouse Rd,407400,432210,53.78617493,-1.88916958,0.7,0.4,Estimated,Estimated using AADF from previous year on this link,5,31,6311,63,2097,122,43,91,5,21,21,302,8804
77055,2019,8,Yorkshire and The Humber,195,Bradford,A644,Major,A629 Halifax Rd,A644 Brighouse Rd,407400,432210,53.78617493,-1.88916958,0.7,0.4,Counted,Manual count,37,55,6599,42,1216,97,19,24,13,24,20,197,8110
77056,2000,8,Yorkshire and The Humber,195,Bradford,A644,Major,A629,A644 Thornton Rd,407400,432510,53.78887129,-1.88916252,0.8,0.5,Estimated,Estimated using AADF from previous year on this link,16,31,4207,37,722,147,27,34,30,38,18,294,5291
77056,2001,8,Yorkshire and The Humber,195,Bradford,A644,Major,A629,A644 Thornton Rd,407400,432510,53.78887129,-1.88916252,0.8,0.5,Estimated,Estimated using AADF from previous year on this link,14,35,4219,36,746,145,31,34,27,33,21,291,5327
77056,2002,8,Yorkshire and The Humber,195,Bradford,A644,Major,A629,A644 Thornton Rd,407400,432510,53.78887129,-1.88916252,0.8,0.5,Counted,Manual count,15,35,4270,38,805,149,34,38,26,30,24,301,5449
77056,2003,8,Yorkshire and The Humber,195,Bradford,A644,Major,A629,A644 Thornton Rd,407400,432510,53.78887129,-1.88916252,0.8,0.5,Estimated,Estimated using AADF from previous year on this link,13,43,4308,39,907,147,35,41,24,26,26,299,5596
77056,2004,8,Yorkshire and The Humber,195,Bradford,A644,Major,A629,A644 Thornton Rd,407400,432510,53.78887129,-1.88916252,0.8,0.5,Estimated,Estimated using AADF from previous year on this link,13,44,4312,34,914,152,38,46,23,23,28,310,5614
77056,2005,8,Yorkshire and The Humber,195,Bradford,A644,Major,A629,A644 Thornton Rd,407400,432510,53.78887129,-1.88916252,0.8,0.5,Estimated,Estimated using AADF from previous year on this link,13,41,4308,34,960,148,37,48,20,20,29,302,5645
77056,2006,8,Yorkshire and The Humber,195,Bradford,A644,Major,A629,A644 Thornton Rd,407400,432510,53.78887129,-1.88916252,0.8,0.5,Estimated,Estimated using AADF from previous year on this link,13,34,4429,32,1007,151,36,51,19,18,33,308,5810
77056,2007,8,Yorkshire and The Humber,195,Bradford,A644,Major,A629,A644 Thornton Rd,407400,432510,53.78887129,-1.88916252,0.8,0.5,Estimated,Estimated using AADF from previous year on this link,13,34,4313,35,1111,165,40,61,17,19,36,338,5831
77056,2008,8,Yorkshire and The Humber,195,Bradford,A644,Major,A629,A644 Thornton Rd,407400,432510,53.78887129,-1.88916252,0.8,0.5,Estimated,Estimated using AADF from previous year on this link,13,34,4155,38,1111,155,42,61,16,17,37,328,5666
77056,2009,8,Yorkshire and The Humber,195,Bradford,A644,Major,A629,A644 Thornton Rd,407400,432510,53.78887129,-1.88916252,0.8,0.5,Estimated,Estimated using AADF from previous year on this link,15,35,4105,38,1132,141,41,58,14,14,34,302,5612
77056,2010,8,Yorkshire and The Humber,195,Bradford,A644,Major,A629,A644 Thornton Rd,407400,432510,53.78887129,-1.88916252,0.8,0.5,Estimated,Estimated using AADF from previous year on this link,15,31,4027,39,1164,147,41,50,16,13,33,300,5561
77056,2011,8,Yorkshire and The Humber,195,Bradford,A644,Major,A629,A644 Thornton Rd,407400,432510,53.78887129,-1.88916252,0.8,0.5,Counted,Manual count,16,32,3435,34,637,94,12,16,3,15,14,154,4292
77056,2012,8,Yorkshire and The Humber,195,Bradford,A644,Major,A629,A644 Thornton Rd,407400,432510,53.78887129,-1.88916252,0.8,0.5,Estimated,Estimated using AADF from previous year on this link,15,30,3339,33,668,95,13,18,2,14,14,157,4227
77056,2013,8,Yorkshire and The Humber,195,Bradford,A644,Major,A629,A644 Thornton Rd,407400,432510,53.78887129,-1.88916252,0.8,0.5,Estimated,Estimated using AADF from previous year on this link,15,30,3277,31,717,95,14,20,2,13,14,158,4213
77056,2014,8,Yorkshire and The Humber,195,Bradford,A644,Major,A629,A644 Thornton Rd,407400,432510,53.78887129,-1.88916252,0.8,0.5,Estimated,Estimated using AADF from previous year on this link,12,31,3323,31,771,94,15,22,2,13,16,161,4317
77056,2015,8,Yorkshire and The Humber,195,Bradford,A644,Major,A629,A644 Thornton Rd,407400,432510,53.78887129,-1.88916252,0.8,0.5,Estimated,Estimated using AADF from previous year on this link,12,29,3284,32,826,94,16,22,2,13,16,163,4333
77056,2016,8,Yorkshire and The Humber,195,Bradford,A644,Major,A629,A644 Thornton Rd,407400,432510,53.78887129,-1.88916252,0.8,0.5,Estimated,Estimated using AADF from previous year on this link,12,29,3324,32,891,99,16,25,2,12,16,170,4447
77056,2017,8,Yorkshire and The Humber,195,Bradford,A644,Major,A629,A644 Thornton Rd,407400,432510,53.78887129,-1.88916252,0.8,0.5,Estimated,Estimated using AADF from previous year on this link,12,29,3320,31,943,102,16,26,2,12,17,174,4498
77056,2018,8,Yorkshire and The Humber,195,Bradford,A644,Major,A629,A644 Thornton Rd,407400,432510,53.78887129,-1.88916252,0.8,0.5,Estimated,Estimated using AADF from previous year on this link,11,28,3305,29,988,103,16,27,2,12,17,178,4528
77056,2019,8,Yorkshire and The Humber,195,Bradford,A644,Major,A629,A644 Thornton Rd,407400,432510,53.78887129,-1.88916252,0.8,0.5,Counted,Manual count,37,37,4098,22,894,60,19,27,9,16,20,152,5203
77056,2020,8,Yorkshire and The Humber,195,Bradford,A644,Major,A629,A644 Thornton Rd,407400,432510,53.78887129,-1.88916252,0.8,0.5,Estimated,Estimated using AADF from previous year on this link,48,28,2993,14,765,54,16,24,8,15,18,135,3935
77056,2021,8,Yorkshire and The Humber,195,Bradford,A644,Major,A629,A644 Thornton Rd,407400,432510,53.78887129,-1.88916252,0.8,0.5,Estimated,Estimated using AADF from previous year on this link,36,29,3273,17,876,59,17,26,9,16,19,146,4340
77056,2022,8,Yorkshire and The Humber,195,Bradford,A644,Major,A629,A644 Thornton Rd,407400,432510,53.78887129,-1.88916252,0.8,0.5,Estimated,Estimated using AADF from previous year on this link,35,32,3513,18,976,60,18,26,9,16,20,150,4688
77056,2023,8,Yorkshire and The Humber,195,Bradford,A644,Major,A629,A644 Thornton Rd,407400,432510,53.78887129,-1.88916252,0.8,0.5,Estimated,Estimated using AADF from previous year on this link,33,30,3600,18,995,61,17,25,9,16,19,146,4788
77056,2024,8,Yorkshire and The Humber,195,Bradford,A644,Major,A629,A644 Thornton Rd,407400,432510,53.78887129,-1.88916252,0.8,0.5,Estimated,Estimated using AADF from previous year on this link,32,29,3643,18,1013,61,17,25,9,16,18,146,4849
77056,2025,8,Yorkshire and The Humber,195,Bradford,A644,Major,A629,A644 Thornton Rd,407400,432510,53.78887129,-1.88916252,0.8,0.5,Estimated,Estimated using AADF from previous year on this link,33,30,3682,17,1035,61,17,25,9,16,18,146,4910
77057,2000,8,Yorkshire and The Humber,195,Bradford,A629,Major,LA Boundary,A644 Thornton Rd,407000,431850,53.78294475,-1.89524855,0.4,0.2,Estimated,Estimated using AADF from previous year on this link,32,58,7179,61,1003,272,35,90,49,103,47,596,8897
77057,2001,8,Yorkshire and The Humber,195,Bradford,A629,Major,LA Boundary,A644 Thornton Rd,407000,431850,53.78294475,-1.89524855,0.4,0.2,Counted,Dependent on a neighbouring counted link,10,62,7427,38,1295,287,36,39,53,84,48,547,9369
77057,2002,8,Yorkshire and The Humber,195,Bradford,A629,Major,LA Boundary,A644 Thornton Rd,407000,431850,53.78294475,-1.89524855,0.4,0.2,Counted,Dependent on a neighbouring counted link,13,98,6909,43,1145,272,45,62,37,74,69,559,8754
77057,2003,8,Yorkshire and The Humber,195,Bradford,A629,Major,LA Boundary,A644 Thornton Rd,407000,431850,53.78294475,-1.89524855,0.4,0.2,Estimated,Estimated using AADF from previous year on this link,11,120,6971,45,1290,268,47,66,34,64,74,553,8979
77057,2004,8,Yorkshire and The Humber,195,Bradford,A629,Major,LA Boundary,A644 Thornton Rd,407000,431850,53.78294475,-1.89524855,0.4,0.2,Estimated,Estimated using AADF from previous year on this link,11,124,6978,39,1301,277,51,75,33,56,81,573,9015
77057,2005,8,Yorkshire and The Humber,195,Bradford,A629,Major,LA Boundary,A644 Thornton Rd,407000,431850,53.78294475,-1.89524855,0.4,0.2,Estimated,Estimated using AADF from previous year on this link,11,114,6971,39,1366,270,49,78,29,49,84,559,9049
77057,2006,8,Yorkshire and The Humber,195,Bradford,A629,Major,LA Boundary,A644 Thornton Rd,407000,431850,53.78294475,-1.89524855,0.4,0.2,Estimated,Estimated using AADF from previous year on this link,11,97,7167,36,1433,276,49,83,27,45,94,574,9307
77057,2007,8,Yorkshire and The Humber,195,Bradford,A629,Major,LA Boundary,A644 Thornton Rd,407000,431850,53.78294475,-1.89524855,0.4,0.2,Estimated,Estimated using AADF from previous year on this link,11,96,6980,39,1580,301,53,101,25,46,104,630,9325
77057,2008,8,Yorkshire and The Humber,195,Bradford,A629,Major,LA Boundary,A644 Thornton Rd,407000,431850,53.78294475,-1.89524855,0.4,0.2,Estimated,Estimated using AADF from previous year on this link,11,96,6722,43,1580,283,56,101,22,41,106,609,9050
77057,2009,8,Yorkshire and The Humber,195,Bradford,A629,Major,LA Boundary,A644 Thornton Rd,407000,431850,53.78294475,-1.89524855,0.4,0.2,Estimated,Estimated using AADF from previous year on this link,13,100,6641,43,1610,257,56,95,19,33,96,556,8950
77057,2010,8,Yorkshire and The Humber,195,Bradford,A629,Major,LA Boundary,A644 Thornton Rd,407000,431850,53.78294475,-1.89524855,0.4,0.2,Counted,Dependent on a neighbouring counted link,40,70,7436,53,1255,148,31,76,21,41,37,354,9168
77057,2011,8,Yorkshire and The Humber,195,Bradford,A629,Major,LA Boundary,A644 Thornton Rd,407000,431850,53.78294475,-1.89524855,0.4,0.2,Estimated,Estimated using AADF from previous year on this link,35,77,7458,55,1327,151,34,87,16,41,39,368,9285
77057,2012,8,Yorkshire and The Humber,195,Bradford,A629,Major,LA Boundary,A644 Thornton Rd,407000,431850,53.78294475,-1.89524855,0.4,0.2,Estimated,Estimated using AADF from previous year on this link,33,71,7249,54,1392,153,37,99,12,38,39,378,9144
77057,2013,8,Yorkshire and The Humber,195,Bradford,A629,Major,LA Boundary,A644 Thornton Rd,407000,431850,53.78294475,-1.89524855,0.4,0.2,Estimated,Estimated using AADF from previous year on this link,32,72,7115,50,1495,152,40,111,9,36,40,387,9118
77057,2014,8,Yorkshire and The Humber,195,Bradford,A629,Major,LA Boundary,A644 Thornton Rd,407000,431850,53.78294475,-1.89524855,0.4,0.2,Estimated,Estimated using AADF from previous year on this link,26,74,7215,51,1607,151,43,118,9,35,44,399,9345
77057,2015,8,Yorkshire and The Humber,195,Bradford,A629,Major,LA Boundary,A644 Thornton Rd,407000,431850,53.78294475,-1.89524855,0.4,0.2,Estimated,Estimated using AADF from previous year on this link,26,71,7129,52,1720,151,46,118,11,35,44,405,9377
77057,2016,8,Yorkshire and The Humber,195,Bradford,A629,Major,LA Boundary,A644 Thornton Rd,407000,431850,53.78294475,-1.89524855,0.4,0.2,Estimated,Estimated using AADF from previous year on this link,26,71,7218,51,1857,159,44,136,11,32,45,428,9625
77057,2017,8,Yorkshire and The Humber,195,Bradford,A629,Major,LA Boundary,A644 Thornton Rd,407000,431850,53.78294475,-1.89524855,0.4,0.2,Counted,Dependent on a neighbouring counted link,27,65,7538,39,1247,138,39,38,25,34,38,312,9201
77057,2018,8,Yorkshire and The Humber,195,Bradford,A629,Major,LA Boundary,A644 Thornton Rd,407000,431850,53.78294475,-1.89524855,0.4,0.2,Estimated,Estimated using AADF from previous year on this link,33,63,7502,37,1307,139,40,41,25,34,39,318,9228
77057,2019,8,Yorkshire and The Humber,195,Bradford,A629,Major,LA Boundary,A644 Thornton Rd,407000,431850,53.78294475,-1.89524855,0.4,0.2,Estimated,Estimated using AADF from previous year on this link,32,68,7518,37,1302,138,42,42,25,35,39,320,9245
77057,2020,8,Yorkshire and The Humber,195,Bradford,A629,Major,LA Boundary,A644 Thornton Rd,407000,431850,53.78294475,-1.89524855,0.4,0.2,Estimated,Estimated using AADF from previous year on this link,41,51,5490,24,1114,124,36,37,22,32,35,286,6965
77057,2021,8,Yorkshire and The Humber,195,Bradford,A629,Major,LA Boundary,A644 Thornton Rd,407000,431850,53.78294475,-1.89524855,0.4,0.2,Estimated,Estimated using AADF from previous year on this link,31,52,6004,28,1276,135,39,40,24,33,36,308,7668
77057,2022,8,Yorkshire and The Humber,195,Bradford,A629,Major,LA Boundary,A644 Thornton Rd,407000,431850,53.78294475,-1.89524855,0.4,0.2,Estimated,Estimated using AADF from previous year on this link,30,58,6444,30,1421,139,40,41,25,34,38,317,8270
77057,2023,8,Yorkshire and The Humber,195,Bradford,A629,Major,LA Boundary,A644 Thornton Rd,407000,431850,53.78294475,-1.89524855,0.4,0.2,Estimated,Estimated using AADF from previous year on this link,28,54,6603,30,1449,140,38,39,24,34,35,310,8446
77057,2024,8,Yorkshire and The Humber,195,Bradford,A629,Major,LA Boundary,A644 Thornton Rd,407000,431850,53.78294475,-1.89524855,0.4,0.2,Estimated,Estimated using AADF from previous year on this link,27,53,6683,29,1475,140,38,39,24,34,35,309,8550
77057,2025,8,Yorkshire and The Humber,195,Bradford,A629,Major,LA Boundary,A644 Thornton Rd,407000,431850,53.78294475,-1.89524855,0.4,0.2,Counted,Dependent on a neighbouring counted link,24,75,7335,39,1304,102,42,38,8,10,42,242,8996
77661,2000,8,Yorkshire and The Humber,195,Bradford,A644,Major,B6145 Thornton Rd,"Fleet Lane, Queensbury",408500,431450,53.77932758,-1.87249507,2.6,1.6,Estimated,Estimated using AADF from previous year on this link,26,88,9620,13,1481,286,32,99,46,91,31,585,11787
77661,2001,8,Yorkshire and The Humber,195,Bradford,A644,Major,B6145 Thornton Rd,"Fleet Lane, Queensbury",408500,431450,53.77932758,-1.87249507,2.6,1.6,Estimated,Estimated using AADF from previous year on this link,23,98,9649,13,1531,282,38,99,41,80,35,575,11866
77661,2002,8,Yorkshire and The Humber,195,Bradford,A644,Major,B6145 Thornton Rd,"Fleet Lane, Queensbury",408500,431450,53.77932758,-1.87249507,2.6,1.6,Counted,Manual count,25,96,9765,14,1652,290,42,110,39,73,40,594,12121
77661,2003,8,Yorkshire and The Humber,195,Bradford,A644,Major,B6145 Thornton Rd,"Fleet Lane, Queensbury",408500,431450,53.77932758,-1.87249507,2.6,1.6,Counted,Manual count,22,112,10066,7,1669,299,61,145,32,54,58,649,12503
77661,2004,8,Yorkshire and The Humber,195,Bradford,A644,Major,B6145 Thornton Rd,"Fleet Lane, Queensbury",408500,431450,53.77932758,-1.87249507,2.6,1.6,Estimated,Estimated using AADF from previous year on this link,21,115,10076,5,1683,308,66,165,30,48,63,680,12559
77661,2005,8,Yorkshire and The Humber,195,Bradford,A644,Major,B6145 Thornton Rd,"Fleet Lane, Queensbury",408500,431450,53.77932758,-1.87249507,2.6,1.6,Estimated,Estimated using AADF from previous year on this link,22,106,10066,5,1766,302,63,170,26,41,66,668,12611
77661,2006,8,Yorkshire and The Humber,195,Bradford,A644,Major,B6145 Thornton Rd,"Fleet Lane, Queensbury",408500,431450,53.77932758,-1.87249507,2.6,1.6,Estimated,Estimated using AADF from previous year on this link,21,90,10348,5,1853,307,63,183,26,38,74,691,12987
77661,2007,8,Yorkshire and The Humber,195,Bradford,A644,Major,B6145 Thornton Rd,"Fleet Lane, Queensbury",408500,431450,53.77932758,-1.87249507,2.6,1.6,Counted,Manual count,7,82,9388,25,1807,273,51,74,29,55,46,528,11830
77661,2008,8,Yorkshire and The Humber,195,Bradford,A644,Major,B6145 Thornton Rd,"Fleet Lane, Queensbury",408500,431450,53.77932758,-1.87249507,2.6,1.6,Estimated,Estimated using AADF from previous year on this link,7,82,9040,27,1807,256,54,74,27,50,48,509,11465
77661,2009,8,Yorkshire and The Humber,195,Bradford,A644,Major,B6145 Thornton Rd,"Fleet Lane, Queensbury",408500,431450,53.77932758,-1.87249507,2.6,1.6,Estimated,Estimated using AADF from previous year on this link,8,86,8932,27,1841,232,54,70,24,41,44,465,11351
77661,2010,8,Yorkshire and The Humber,195,Bradford,A644,Major,B6145 Thornton Rd,"Fleet Lane, Queensbury",408500,431450,53.77932758,-1.87249507,2.6,1.6,Estimated,Estimated using AADF from previous year on this link,8,76,8762,28,1895,242,54,60,27,38,44,465,11226
77661,2011,8,Yorkshire and The Humber,195,Bradford,A644,Major,B6145 Thornton Rd,"Fleet Lane, Queensbury",408500,431450,53.77932758,-1.87249507,2.6,1.6,Counted,Manual count,31,84,8602,40,1739,189,46,35,20,62,45,397,10862
77661,2012,8,Yorkshire and The Humber,195,Bradford,A644,Major,B6145 Thornton Rd,"Fleet Lane, Queensbury",408500,431450,53.77932758,-1.87249507,2.6,1.6,Estimated,Estimated using AADF from previous year on this link,29,78,8361,39,1825,191,50,40,15,58,45,399,10701
77661,2013,8,Yorkshire and The Humber,195,Bradford,A644,Major,B6145 Thornton Rd,"Fleet Lane, Queensbury",408500,431450,53.77932758,-1.87249507,2.6,1.6,Estimated,Estimated using AADF from previous year on this link,29,78,8206,36,1959,190,54,45,11,55,46,400,10679
77661,2014,8,Yorkshire and The Humber,195,Bradford,A644,Major,B6145 Thornton Rd,"Fleet Lane, Queensbury",408500,431450,53.77932758,-1.87249507,2.6,1.6,Estimated,Estimated using AADF from previous year on this link,23,81,8321,37,2105,189,58,48,11,52,50,408,10952
77661,2015,8,Yorkshire and The Humber,195,Bradford,A644,Major,B6145 Thornton Rd,"Fleet Lane, Queensbury",408500,431450,53.77932758,-1.87249507,2.6,1.6,Estimated,Estimated using AADF from previous year on this link,23,77,8223,38,2254,189,63,48,14,52,50,416,11008
77661,2016,8,Yorkshire and The Humber,195,Bradford,A644,Major,B6145 Thornton Rd,"Fleet Lane, Queensbury",408500,431450,53.77932758,-1.87249507,2.6,1.6,Counted,Manual count,26,64,9569,7,1996,173,41,72,32,69,44,431,12066
77661,2017,8,Yorkshire and The Humber,195,Bradford,A644,Major,B6145 Thornton Rd,"Fleet Lane, Queensbury",408500,431450,53.77932758,-1.87249507,2.6,1.6,Estimated,Estimated using AADF from previous year on this link,26,63,9557,7,2112,178,42,75,33,69,46,442,12180
77661,2018,8,Yorkshire and The Humber,195,Bradford,A644,Major,B6145 Thornton Rd,"Fleet Lane, Queensbury",408500,431450,53.77932758,-1.87249507,2.6,1.6,Estimated,Estimated using AADF from previous year on this link,25,61,9511,6,2212,181,43,79,33,69,47,451,12241
77661,2019,8,Yorkshire and The Humber,195,Bradford,A644,Major,B6145 Thornton Rd,"Fleet Lane, Queensbury",408500,431450,53.77932758,-1.87249507,2.6,1.6,Estimated,Estimated using AADF from previous year on this link,30,66,9532,6,2204,179,45,82,33,69,46,454,12263
77661,2020,8,Yorkshire and The Humber,195,Bradford,A644,Major,B6145 Thornton Rd,"Fleet Lane, Queensbury",408500,431450,53.77932758,-1.87249507,2.6,1.6,Estimated,Estimated using AADF from previous year on this link,39,49,6961,4,1887,161,39,72,30,63,41,406,9307
77661,2021,8,Yorkshire and The Humber,195,Bradford,A644,Major,B6145 Thornton Rd,"Fleet Lane, Queensbury",408500,431450,53.77932758,-1.87249507,2.6,1.6,Counted,Manual count,55,52,7996,6,1615,197,32,41,26,36,48,380,10049
77661,2022,8,Yorkshire and The Humber,195,Bradford,A644,Major,B6145 Thornton Rd,"Fleet Lane, Queensbury",408500,431450,53.77932758,-1.87249507,2.6,1.6,Estimated,Estimated using AADF from previous year on this link,53,58,8582,6,1799,203,33,42,27,37,50,392,10837
77661,2023,8,Yorkshire and The Humber,195,Bradford,A644,Major,B6145 Thornton Rd,"Fleet Lane, Queensbury",408500,431450,53.77932758,-1.87249507,2.6,1.6,Estimated,Estimated using AADF from previous year on this link,51,54,8794,6,1835,203,31,40,27,38,47,385,11073
77661,2024,8,Yorkshire and The Humber,195,Bradford,A644,Major,B6145 Thornton Rd,"Fleet Lane, Queensbury",408500,431450,53.77932758,-1.87249507,2.6,1.6,Estimated,Estimated using AADF from previous year on this link,48,53,8900,6,1868,204,31,40,26,37,46,383,11210
77661,2025,8,Yorkshire and The Humber,195,Bradford,A644,Major,B6145 Thornton Rd,"Fleet Lane, Queensbury",408500,431450,53.77932758,-1.87249507,2.6,1.6,Estimated,Estimated using AADF from previous year on this link,50,55,8995,6,1907,203,31,40,26,37,46,383,11346
77670,2000,8,Yorkshire and The Humber,195,Bradford,A6038,Major,A657,Centenary Road,416000,438680,53.84413516,-1.758311,2.9,1.8,Estimated,Estimated using AADF from previous year on this link,62,70,14797,118,1670,370,36,38,31,81,22,578,17233
77670,2001,8,Yorkshire and The Humber,195,Bradford,A6038,Major,A657,Centenary Road,416000,438680,53.84413516,-1.758311,2.9,1.8,Estimated,Estimated using AADF from previous year on this link,60,74,14339,124,1682,353,41,37,25,64,22,542,16761
77670,2002,8,Yorkshire and The Humber,195,Bradford,A6038,Major,A657,Centenary Road,416000,438680,53.84413516,-1.758311,2.9,1.8,Counted,Manual count,62,76,14568,125,1803,334,42,37,23,56,24,516,17088
77670,2003,8,Yorkshire and The Humber,195,Bradford,A6038,Major,A657,Centenary Road,416000,438680,53.84413516,-1.758311,2.9,1.8,Estimated,Estimated using AADF from previous year on this link,55,108,14029,121,1958,324,43,39,23,50,26,505,16721
77670,2004,8,Yorkshire and The Humber,195,Bradford,A6038,Major,A657,Centenary Road,416000,438680,53.84413516,-1.758311,2.9,1.8,Counted,Manual count,130,211,14991,126,1845,304,52,31,30,79,22,518,17691
77670,2005,8,Yorkshire and The Humber,195,Bradford,A6038,Major,A657,Centenary Road,416000,438680,53.84413516,-1.758311,2.9,1.8,Estimated,Estimated using AADF from previous year on this link,110,173,14303,118,1966,330,54,36,25,64,22,531,17091
77670,2006,8,Yorkshire and The Humber,195,Bradford,A6038,Major,A657,Centenary Road,416000,438680,53.84413516,-1.758311,2.9,1.8,Counted,Manual count,122,182,13564,206,2024,298,38,36,20,90,27,509,16485
77670,2007,8,Yorkshire and The Humber,195,Bradford,A6038,Major,A657,Centenary Road,416000,438680,53.84413516,-1.758311,2.9,1.8,Estimated,Estimated using AADF from previous year on this link,76,174,13348,187,2131,277,36,36,16,79,26,470,16310
77670,2008,8,Yorkshire and The Humber,195,Bradford,A6038,Major,A657,Centenary Road,416000,438680,53.84413516,-1.758311,2.9,1.8,Counted,Manual count,182,146,13401,115,1907,326,61,61,12,53,23,536,16105
77670,2009,8,Yorkshire and The Humber,195,Bradford,A6038,Major,A657,Centenary Road,416000,438680,53.84413516,-1.758311,2.9,1.8,Estimated,Estimated using AADF from previous year on this link,182,163,13695,113,1936,296,61,57,11,46,23,494,16401
77670,2010,8,Yorkshire and The Humber,195,Bradford,A6038,Major,A657,Centenary Road,416000,438680,53.84413516,-1.758311,2.9,1.8,Estimated,Estimated using AADF from previous year on this link,183,155,13613,128,2068,315,61,49,13,44,23,505,16469
77670,2011,8,Yorkshire and The Humber,195,Bradford,A6038,Major,A657,Centenary Road,416000,438680,53.84413516,-1.758311,2.9,1.8,Estimated,Estimated using AADF from previous year on this link,202,131,13572,121,2308,320,67,57,11,46,25,526,16658
77670,2012,8,Yorkshire and The Humber,195,Bradford,A6038,Major,A657,Centenary Road,416000,438680,53.84413516,-1.758311,2.9,1.8,Estimated,Estimated using AADF from previous year on this link,191,125,13360,132,2335,324,73,65,8,41,24,534,16486
77670,2013,8,Yorkshire and The Humber,195,Bradford,A6038,Major,A657,Centenary Road,416000,438680,53.84413516,-1.758311,2.9,1.8,Estimated,Estimated using AADF from previous year on this link,189,140,13242,138,2427,326,79,74,6,39,24,548,16495
77670,2014,8,Yorkshire and The Humber,195,Bradford,A6038,Major,A657,Centenary Road,416000,438680,53.84413516,-1.758311,2.9,1.8,Estimated,Estimated using AADF from previous year on this link,183,134,13602,132,2596,334,88,81,5,32,23,563,17026
77670,2015,8,Yorkshire and The Humber,195,Bradford,A6038,Major,A657,Centenary Road,416000,438680,53.84413516,-1.758311,2.9,1.8,Estimated,Estimated using AADF from previous year on this link,170,118,13871,143,2722,317,90,77,6,31,22,542,17396
77670,2016,8,Yorkshire and The Humber,195,Bradford,A6038,Major,A657,Centenary Road,416000,438680,53.84413516,-1.758311,2.9,1.8,Counted,Manual count,180,131,14703,66,2255,239,61,40,19,63,23,445,17600
77670,2017,8,Yorkshire and The Humber,195,Bradford,A6038,Major,A657,Centenary Road,416000,438680,53.84413516,-1.758311,2.9,1.8,Estimated,Estimated using AADF from previous year on this link,172,132,14595,62,2373,237,62,41,20,62,24,446,17609
77670,2018,8,Yorkshire and The Humber,195,Bradford,A6038,Major,A657,Centenary Road,416000,438680,53.84413516,-1.758311,2.9,1.8,Estimated,Estimated using AADF from previous year on this link,190,131,14434,56,2418,240,62,39,20,64,25,450,17489
77670,2019,8,Yorkshire and The Humber,195,Bradford,A6038,Major,A657,Centenary Road,416000,438680,53.84413516,-1.758311,2.9,1.8,Estimated,Estimated using AADF from previous year on this link,209,123,14615,57,2397,237,63,40,21,66,25,451,17642
77670,2020,8,Yorkshire and The Humber,195,Bradford,A6038,Major,A657,Centenary Road,416000,438680,53.84413516,-1.758311,2.9,1.8,Counted,Manual count,261,187,12592,55,2328,308,38,60,9,20,75,511,15673
77670,2021,8,Yorkshire and The Humber,195,Bradford,A6038,Major,A657,Centenary Road,416000,438680,53.84413516,-1.758311,2.9,1.8,Estimated,Estimated using AADF from previous year on this link,213,198,13873,56,2537,330,41,66,10,22,80,548,17213
77670,2022,8,Yorkshire and The Humber,195,Bradford,A6038,Major,A657,Centenary Road,416000,438680,53.84413516,-1.758311,2.9,1.8,Estimated,Estimated using AADF from previous year on this link,191,217,14817,61,2751,342,43,70,10,22,82,568,18414
77670,2023,8,Yorkshire and The Humber,195,Bradford,A6038,Major,A657,Centenary Road,416000,438680,53.84413516,-1.758311,2.9,1.8,Estimated,Estimated using AADF from previous year on this link,188,214,15096,61,2797,337,42,69,10,22,78,559,18727
77670,2024,8,Yorkshire and The Humber,195,Bradford,A6038,Major,A657,Centenary Road,416000,438680,53.84413516,-1.758311,2.9,1.8,Estimated,Estimated using AADF from previous year on this link,190,220,15325,62,2847,342,42,67,10,21,76,559,19013
77670,2025,8,Yorkshire and The Humber,195,Bradford,A6038,Major,A657,Centenary Road,416000,438680,53.84413516,-1.758311,2.9,1.8,Estimated,Estimated using AADF from previous year on this link,190,225,15343,60,2906,339,42,69,10,21,74,555,19089
77671,2000,8,Yorkshire and The Humber,195,Bradford,A650,Major,B6265 Bradford Rd,Aireworth Rd roundabout,407150,441750,53.87192263,-1.89274636,0.6,0.4,Estimated,Estimated from nearby links,82,284,15624,131,2557,796,119,75,138,178,127,1433,20029
77671,2001,8,Yorkshire and The Humber,195,Bradford,A650,Major,B6265 Bradford Rd,Aireworth Rd roundabout,407150,441750,53.87192263,-1.89274636,0.6,0.4,Estimated,Estimated from nearby links,13,226,16594,74,2528,794,73,71,149,237,147,1471,20893
77671,2002,8,Yorkshire and The Humber,195,Bradford,A650,Major,B6265 Bradford Rd,Aireworth Rd roundabout,407150,441750,53.87192263,-1.89274636,0.6,0.4,Estimated,Estimated from nearby links,36,104,17269,180,2197,583,81,53,59,98,58,932,20682
77671,2003,8,Yorkshire and The Humber,195,Bradford,A650,Major,B6265 Bradford Rd,Aireworth Rd roundabout,407150,441750,53.87192263,-1.89274636,0.6,0.4,Estimated,Estimated from nearby links,31,130,16878,171,2392,613,88,59,57,86,64,967,20538
77671,2004,8,Yorkshire and The Humber,195,Bradford,A650,Major,B6265 Bradford Rd,Aireworth Rd roundabout,407150,441750,53.87192263,-1.89274636,0.6,0.4,Estimated,Estimated from nearby links,25,102,16981,145,2489,638,100,69,55,77,72,1011,20728
77671,2005,8,Yorkshire and The Humber,195,Bradford,A650,Major,B6265 Bradford Rd,Aireworth Rd roundabout,407150,441750,53.87192263,-1.89274636,0.6,0.4,Estimated,Estimated from nearby links,20,85,16464,152,2840,421,79,65,61,104,79,809,20350
77671,2006,8,Yorkshire and The Humber,195,Bradford,A650,Major,B6265 Bradford Rd,Aireworth Rd roundabout,407150,441750,53.87192263,-1.89274636,0.6,0.4,Estimated,Estimated from nearby links,31,83,16379,144,2885,423,76,68,55,91,83,796,20287
77671,2007,8,Yorkshire and The Humber,195,Bradford,A650,Major,B6265 Bradford Rd,Aireworth Rd roundabout,407150,441750,53.87192263,-1.89274636,0.6,0.4,Estimated,Estimated from nearby links,20,83,15794,133,3099,410,74,73,46,85,84,772,19881
77671,2008,8,Yorkshire and The Humber,195,Bradford,A650,Major,B6265 Bradford Rd,Aireworth Rd roundabout,407150,441750,53.87192263,-1.89274636,0.6,0.4,Estimated,Estimated from nearby links,39,105,17240,158,2819,440,61,63,40,79,78,761,21083
77671,2009,8,Yorkshire and The Humber,195,Bradford,A650,Major,B6265 Bradford Rd,Aireworth Rd roundabout,407150,441750,53.87192263,-1.89274636,0.6,0.4,Estimated,Estimated from nearby links,49,135,18431,166,2612,397,55,56,38,112,63,721,22065
77671,2010,8,Yorkshire and The Humber,195,Bradford,A650,Major,B6265 Bradford Rd,Aireworth Rd roundabout,407150,441750,53.87192263,-1.89274636,0.6,0.4,Estimated,Estimated from nearby links,49,124,18044,175,2625,394,52,46,42,97,59,690,21658
77671,2011,8,Yorkshire and The Humber,195,Bradford,A650,Major,B6265 Bradford Rd,Aireworth Rd roundabout,407150,441750,53.87192263,-1.89274636,0.6,0.4,Estimated,Estimated from nearby links,69,163,18155,140,2930,391,61,67,34,90,67,710,22098
77671,2012,8,Yorkshire and The Humber,195,Bradford,A650,Major,B6265 Bradford Rd,Aireworth Road roundabout,407150,441750,53.87192263,-1.89274636,0.6,0.4,Estimated,Estimated from nearby links,91,146,17563,220,2403,288,60,58,25,91,111,633,20966
77671,2013,8,Yorkshire and The Humber,195,Bradford,A650,Major,B6265 Bradford Rd,Aireworth Road roundabout,407150,441750,53.87192263,-1.89274636,0.6,0.4,Estimated,Estimated from nearby links,84,144,17260,200,2427,282,62,63,21,80,121,630,20661
77671,2014,8,Yorkshire and The Humber,195,Bradford,A650,Major,B6265 Bradford Rd,Aireworth Road roundabout,407150,441750,53.87192263,-1.89274636,0.6,0.4,Estimated,Estimated from nearby links,86,154,17310,206,2694,304,67,70,24,86,126,678,21042
77671,2015,8,Yorkshire and The Humber,195,Bradford,A650,Major,B6265 Bradford Rd,Aireworth Road roundabout,407150,441750,53.87192263,-1.89274636,0.6,0.4,Estimated,Estimated from nearby links,86,155,17304,201,2774,306,68,67,31,88,128,688,21123
77671,2016,8,Yorkshire and The Humber,195,Bradford,A650,Major,B6265 Bradford Rd,Aireworth Road roundabout,407150,441750,53.87192263,-1.89274636,0.6,0.4,Estimated,Estimated from nearby links,137,146,17672,275,2950,287,64,68,26,67,93,606,21649
77671,2017,8,Yorkshire and The Humber,195,Bradford,A650,Major,B6265 Bradford Rd,Aireworth Road roundabout,407150,441750,53.87192263,-1.89274636,0.6,0.4,Estimated,Estimated from nearby links,137,140,16709,246,2765,258,57,62,25,70,82,556,20416
77671,2018,8,Yorkshire and The Humber,195,Bradford,A650,Major,B6265 Bradford Rd,Aireworth Road roundabout,407150,441750,53.87192263,-1.89274636,0.8,0.5,Estimated,Estimated from nearby links,9,214,14488,69,3698,393,67,157,51,172,257,1097,19566
77671,2019,8,Yorkshire and The Humber,195,Bradford,A650,Major,B6265 Bradford Rd,Aireworth Road roundabout,407150,441750,53.87192263,-1.89274636,0.8,0.5,Estimated,Estimated from nearby links,225,129,16386,273,2512,216,50,52,22,52,53,445,19745
77671,2020,8,Yorkshire and The Humber,195,Bradford,A650,Major,B6265 Bradford Rd,Aireworth Road roundabout,407150,441750,53.87192263,-1.89274636,0.8,0.5,Estimated,Estimated from nearby links,258,98,12508,180,2198,186,42,47,19,45,50,389,15373
77671,2021,8,Yorkshire and The Humber,195,Bradford,A650,Major,B6265 Bradford Rd,Aireworth Road roundabout,407150,441750,53.87192263,-1.89274636,0.8,0.5,Estimated,Estimated from nearby links,225,124,16238,208,2767,231,53,61,23,60,71,499,19836
77671,2022,8,Yorkshire and The Humber,195,Bradford,A650,Major,B6265 Bradford Rd,Aireworth Road roundabout,407150,441750,53.87192263,-1.89274636,0.8,0.5,Estimated,Estimated from nearby links,216,141,17363,229,2974,235,53,63,23,60,71,505,21212
77671,2023,8,Yorkshire and The Humber,195,Bradford,A650,Major,B6265 Bradford Rd,Aireworth Road roundabout,407150,441750,53.87192263,-1.89274636,0.8,0.5,Estimated,Estimated from nearby links,84,127,17587,133,3066,253,56,79,22,87,165,661,21574
77671,2024,8,Yorkshire and The Humber,195,Bradford,A650,Major,B6265 Bradford Rd,Aireworth Road roundabout,407150,441750,53.87192263,-1.89274636,0.8,0.5,Estimated,Estimated from nearby links,89,133,17945,136,3054,239,54,75,21,82,157,629,21896
77671,2025,8,Yorkshire and The Humber,195,Bradford,A650,Major,B6265 Bradford Rd,Aireworth Road roundabout,407150,441750,53.87192263,-1.89274636,0.8,0.5,Estimated,Estimated from nearby links,94,144,18923,139,3163,234,56,77,21,85,160,633,23001
77673,2000,8,Yorkshire and The Humber,195,Bradford,A65,Major,Main St roundabout,A65,417250,446160,53.91132406,-1.73889564,0.3,0.2,Estimated,Estimated from nearby links,55,79,8507,93,857,224,26,45,25,18,8,346,9882
77673,2001,8,Yorkshire and The Humber,195,Bradford,A65,Major,Main St roundabout,A65,417250,446160,53.91132406,-1.73889564,0.3,0.2,Estimated,Estimated from nearby links,41,89,8900,95,1061,188,27,18,19,22,14,288,10433
77673,2002,8,Yorkshire and The Humber,195,Bradford,A65,Major,Main St roundabout,A65,417250,446160,53.91132406,-1.73889564,0.3,0.2,Estimated,Estimated from nearby links,44,87,9006,103,1145,194,29,20,18,20,15,296,10637
77673,2003,8,Yorkshire and The Humber,195,Bradford,A65,Major,Main St roundabout,A65,417250,446160,53.91132406,-1.73889564,0.3,0.2,Estimated,Estimated from nearby links,37,106,9087,107,1290,191,30,21,17,17,17,293,10883
77673,2004,8,Yorkshire and The Humber,195,Bradford,A65,Major,Main St roundabout,A65,417250,446160,53.91132406,-1.73889564,0.3,0.2,Estimated,Estimated from nearby links,57,62,9233,88,1047,189,35,33,12,26,17,312,10742
77673,2005,8,Yorkshire and The Humber,195,Bradford,A65,Major,Main St roundabout,A65,417250,446160,53.91132406,-1.73889564,0.3,0.2,Estimated,Estimated from nearby links,60,57,9224,88,1099,185,33,34,11,22,17,302,10770
77673,2006,8,Yorkshire and The Humber,195,Bradford,A65,Major,Main St roundabout,A65,417250,446160,53.91132406,-1.73889564,0.3,0.2,Estimated,Estimated from nearby links,57,49,9482,83,1153,188,33,37,10,21,20,309,11076
77673,2007,8,Yorkshire and The Humber,195,Bradford,A65,Major,Main St roundabout,A65,417250,446160,53.91132406,-1.73889564,0.3,0.2,Estimated,Estimated from nearby links,58,48,9236,89,1272,205,36,44,9,21,22,337,10982
77673,2008,8,Yorkshire and The Humber,195,Bradford,A65,Major,Main St roundabout,A65,417250,446160,53.91132406,-1.73889564,0.3,0.2,Estimated,Estimated from nearby links,73,74,8883,42,1209,129,30,46,5,8,5,223,10431
77673,2009,8,Yorkshire and The Humber,195,Bradford,A65,Major,Main St roundabout,A65,417250,446160,53.91132406,-1.73889564,0.3,0.2,Estimated,Estimated from nearby links,82,77,8777,42,1231,117,30,44,5,7,5,208,10335
77673,2010,8,Yorkshire and The Humber,195,Bradford,A65,Major,Main St roundabout,A65,417250,446160,53.91132406,-1.73889564,0.3,0.2,Estimated,Estimated from nearby links,84,68,8609,43,1268,122,30,38,5,7,5,207,10195
77673,2011,8,Yorkshire and The Humber,195,Bradford,A65,Major,Main St roundabout,A65,417250,446160,53.91132406,-1.73889564,0.3,0.2,Estimated,Estimated from nearby links,73,74,8635,46,1341,123,33,43,4,7,6,216,10312
77673,2012,8,Yorkshire and The Humber,195,Bradford,A65,Major,Main St roundabout,A65,417250,446160,53.91132406,-1.73889564,0.3,0.2,Estimated,Estimated from nearby links,130,105,9197,53,1077,157,20,20,3,5,6,212,10644
77673,2013,8,Yorkshire and The Humber,195,Bradford,A65,Major,Main St roundabout,A65,417250,446160,53.91132406,-1.73889564,0.3,0.2,Estimated,Estimated from nearby links,129,106,9027,49,1156,156,21,22,2,5,6,214,10552
77673,2014,8,Yorkshire and The Humber,195,Bradford,A65,Major,Main St roundabout,A65,417250,446160,53.91132406,-1.73889564,0.3,0.2,Estimated,Estimated from nearby links,103,109,9154,50,1242,156,23,24,2,5,7,217,10772
77673,2015,8,Yorkshire and The Humber,195,Bradford,A65,Major,Main St roundabout,A65,417250,446160,53.91132406,-1.73889564,0.3,0.2,Estimated,Estimated from nearby links,103,104,9046,51,1330,156,25,24,3,5,7,220,10750
77673,2016,8,Yorkshire and The Humber,195,Bradford,A65,Major,Main St roundabout,A65,417250,446160,53.91132406,-1.73889564,0.3,0.2,Estimated,Estimated from nearby links,102,104,9158,51,1436,163,24,27,3,5,7,230,10978
77673,2017,8,Yorkshire and The Humber,195,Bradford,A65,Major,Main St roundabout,A65,417250,446160,53.91132406,-1.73889564,0.3,0.2,Estimated,Estimated from nearby links,98,105,9090,47,1512,162,24,28,3,5,8,230,10985
77673,2018,8,Yorkshire and The Humber,195,Bradford,A65,Major,Main St roundabout,A65,417250,446160,53.91132406,-1.73889564,0.3,0.2,Estimated,Estimated from nearby links,105,61,7787,75,1179,107,20,31,5,9,2,174,9276
77673,2019,8,Yorkshire and The Humber,195,Bradford,A65,Major,Main St roundabout,A65,417250,446160,53.91132406,-1.73889564,0.4,0.2,Estimated,Estimated from nearby links,115,57,7884,76,1169,106,21,31,5,9,2,173,9360
77673,2020,8,Yorkshire and The Humber,195,Bradford,A65,Major,Main St roundabout,A65,417250,446160,53.91132406,-1.73889564,0.4,0.2,Estimated,Estimated from nearby links,132,42,5989,48,1032,93,18,28,4,8,2,153,7263
77673,2021,8,Yorkshire and The Humber,195,Bradford,A65,Major,Main St roundabout,A65,417250,446160,53.91132406,-1.73889564,0.4,0.2,Estimated,Estimated from nearby links,108,45,6598,50,1124,100,19,30,4,9,2,164,7981
77673,2022,8,Yorkshire and The Humber,195,Bradford,A65,Major,Main St roundabout,A65,417250,446160,53.91132406,-1.73889564,0.4,0.2,Estimated,Estimated from nearby links,96,49,7047,53,1219,103,20,32,4,9,2,170,8539
77673,2023,8,Yorkshire and The Humber,195,Bradford,A65,Major,Main St roundabout,A65,417250,446160,53.91132406,-1.73889564,0.4,0.2,Estimated,Estimated from nearby links,95,48,7180,54,1240,102,20,32,4,9,2,168,8689
77673,2024,8,Yorkshire and The Humber,195,Bradford,A65,Major,Main St roundabout,A65,417250,446160,53.91132406,-1.73889564,0.4,0.2,Estimated,Estimated from nearby links,96,49,7288,54,1262,103,20,31,4,9,2,168,8822
77673,2025,8,Yorkshire and The Humber,195,Bradford,A65,Major,Main St roundabout,A65,417250,446160,53.91132406,-1.73889564,0.4,0.2,Estimated,Estimated from nearby links,96,50,7297,53,1288,102,20,32,4,8,2,168,8856
77706,2000,8,Yorkshire and The Humber,195,Bradford,A629,Major,A6033,Haincliffe Rd,405130,438500,53.84273518,-1.92352078,2.3,1.4,Estimated,Estimated using AADF from previous year on this link,38,130,12902,227,2292,421,61,82,99,136,60,859,16410
77706,2001,8,Yorkshire and The Humber,195,Bradford,A629,Major,A6033,Haincliffe Rd,405130,438500,53.84273518,-1.92352078,2.3,1.4,Estimated,Estimated using AADF from previous year on this link,33,144,13302,234,2420,415,70,82,90,121,69,847,16947
77706,2002,8,Yorkshire and The Humber,195,Bradford,A629,Major,A6033,Haincliffe Rd,405130,438500,53.84273518,-1.92352078,2.3,1.4,Counted,Manual count,35,147,13688,242,2439,426,77,91,84,108,77,863,17379
77706,2003,8,Yorkshire and The Humber,195,Bradford,A629,Major,A6033,Haincliffe Rd,405130,438500,53.84273518,-1.92352078,2.3,1.4,Estimated,Estimated using AADF from previous year on this link,30,159,13989,240,2700,443,84,103,81,97,85,893,17981
77706,2004,8,Yorkshire and The Humber,195,Bradford,A629,Major,A6033,Haincliffe Rd,405130,438500,53.84273518,-1.92352078,2.3,1.4,Counted,Manual count,33,143,13682,201,2343,377,86,88,82,116,89,838,17207
77706,2005,8,Yorkshire and The Humber,195,Bradford,A629,Major,A6033,Haincliffe Rd,405130,438500,53.84273518,-1.92352078,2.3,1.4,Estimated,Estimated using AADF from previous year on this link,35,137,13586,194,2450,379,84,94,73,102,96,828,17195
77706,2006,8,Yorkshire and The Humber,195,Bradford,A629,Major,A6033,Haincliffe Rd,405130,438500,53.84273518,-1.92352078,2.3,1.4,Estimated,Estimated using AADF from previous year on this link,33,149,13817,186,2568,389,84,102,66,92,103,836,17556
77706,2007,8,Yorkshire and The Humber,195,Bradford,A629,Major,A6033,Haincliffe Rd,405130,438500,53.84273518,-1.92352078,2.3,1.4,Estimated,Estimated using AADF from previous year on this link,33,150,13720,175,2846,397,86,115,58,88,107,851,17742
77706,2008,8,Yorkshire and The Humber,195,Bradford,A629,Major,A6033,Haincliffe Rd,405130,438500,53.84273518,-1.92352078,2.3,1.4,Counted,Manual count,38,135,12776,202,2511,337,79,76,82,101,80,755,16379
77706,2009,8,Yorkshire and The Humber,195,Bradford,A629,Major,A6033,Haincliffe Rd,405130,438500,53.84273518,-1.92352078,2.3,1.4,Estimated,Estimated using AADF from previous year on this link,43,141,12610,212,2594,312,79,73,76,87,77,704,16261
77706,2010,8,Yorkshire and The Humber,195,Bradford,A629,Major,A6033,Haincliffe Rd,405130,438500,53.84273518,-1.92352078,2.3,1.4,Counted,Manual count,38,123,12095,204,2265,238,47,48,29,92,58,512,15199
77706,2011,8,Yorkshire and The Humber,195,Bradford,A629,Major,A6033,Haincliffe Rd,405130,438500,53.84273518,-1.92352078,2.3,1.4,Counted,Manual count,39,177,11261,180,1876,286,64,65,36,83,59,593,14087
77706,2012,8,Yorkshire and The Humber,195,Bradford,A629,Major,A6033,Haincliffe Rd,405130,438500,53.84273518,-1.92352078,2.3,1.4,Estimated,Estimated using AADF from previous year on this link,36,172,11180,183,1954,284,68,73,28,82,62,596,14084
77706,2013,8,Yorkshire and The Humber,195,Bradford,A629,Major,A6033,Haincliffe Rd,405130,438500,53.84273518,-1.92352078,2.3,1.4,Estimated,Estimated using AADF from previous year on this link,36,182,11046,189,2074,289,75,83,21,80,65,614,14105
77706,2014,8,Yorkshire and The Humber,195,Bradford,A629,Major,A6033,Haincliffe Rd,405130,438500,53.84273518,-1.92352078,2.3,1.4,Estimated,Estimated using AADF from previous year on this link,29,187,11301,212,2226,276,78,85,21,74,70,605,14531
77706,2015,8,Yorkshire and The Humber,195,Bradford,A629,Major,A6033,Haincliffe Rd,405130,438500,53.84273518,-1.92352078,2.3,1.4,Estimated,Estimated using AADF from previous year on this link,29,194,11642,209,2475,289,88,89,27,77,72,643,15161
77706,2016,8,Yorkshire and The Humber,195,Bradford,A629,Major,A6033,Haincliffe Rd,405130,438500,53.84273518,-1.92352078,2.3,1.4,Counted,Manual count,58,157,12003,150,2138,277,69,84,47,62,59,597,15046
77706,2017,8,Yorkshire and The Humber,195,Bradford,A629,Major,A6033,Haincliffe Rd,405130,438500,53.84273518,-1.92352078,2.3,1.4,Estimated,Estimated using AADF from previous year on this link,56,159,11914,140,2251,275,70,86,49,61,61,602,15067
77706,2018,8,Yorkshire and The Humber,195,Bradford,A629,Major,A6033,Haincliffe Rd,405130,438500,53.84273518,-1.92352078,2.3,1.4,Estimated,Estimated using AADF from previous year on this link,62,157,11783,127,2293,277,70,84,49,63,64,608,14968
77706,2019,8,Yorkshire and The Humber,195,Bradford,A629,Major,A6033,Haincliffe Rd,405130,438500,53.84273518,-1.92352078,2.3,1.4,Estimated,Estimated using AADF from previous year on this link,68,147,11931,129,2273,274,71,84,50,65,64,609,15089
77706,2020,8,Yorkshire and The Humber,195,Bradford,A629,Major,A6033,Haincliffe Rd,405130,438500,53.84273518,-1.92352078,2.3,1.4,Estimated,Estimated using AADF from previous year on this link,77,109,9063,81,2006,241,62,75,43,58,56,535,11793
77706,2021,8,Yorkshire and The Humber,195,Bradford,A629,Major,A6033,Haincliffe Rd,405130,438500,53.84273518,-1.92352078,2.3,1.4,Estimated,Estimated using AADF from previous year on this link,63,115,9984,84,2187,258,66,82,47,62,60,574,12944
77706,2022,8,Yorkshire and The Humber,195,Bradford,A629,Major,A6033,Haincliffe Rd,405130,438500,53.84273518,-1.92352078,2.3,1.4,Estimated,Estimated using AADF from previous year on this link,57,126,10664,90,2371,267,69,87,49,63,61,595,13846
77706,2023,8,Yorkshire and The Humber,195,Bradford,A629,Major,A6033,Haincliffe Rd,405130,438500,53.84273518,-1.92352078,2.3,1.4,Estimated,Estimated using AADF from previous year on this link,56,124,10865,91,2411,263,67,86,49,62,59,586,14077
77706,2024,8,Yorkshire and The Humber,195,Bradford,A629,Major,A6033,Haincliffe Rd,405130,438500,53.84273518,-1.92352078,2.3,1.4,Counted,Manual count,42,96,10617,125,1975,140,57,63,24,19,63,366,13179
77706,2025,8,Yorkshire and The Humber,195,Bradford,A629,Major,A6033,Haincliffe Rd,405130,438500,53.84273518,-1.92352078,2.3,1.4,Estimated,Estimated using AADF from previous year on this link,42,98,10629,122,2016,138,57,64,24,19,62,365,13230
80415,2005,8,Yorkshire and The Humber,195,Bradford,A6177,Major,A641,A6177,416000,430520,53.77079433,-1.75873171,0.8,0.5,Estimated,Estimated using AADF from previous year on this link,62,143,14336,203,1756,321,48,47,40,89,77,622,17060
80415,2006,8,Yorkshire and The Humber,195,Bradford,A6177,Major,A641,A6177,416000,430520,53.77079433,-1.75873171,0.8,0.5,Counted,Manual count,42,123,24730,249,3952,822,104,74,123,307,144,1574,30628
80415,2007,8,Yorkshire and The Humber,195,Bradford,A6177,Major,A641,A6177,416000,430520,53.77079433,-1.75873171,0.8,0.5,Estimated,Estimated using AADF from previous year on this link,27,129,25428,235,4491,811,102,79,125,344,174,1635,31918
80415,2008,8,Yorkshire and The Humber,195,Bradford,A6177,Major,A641,A6177,416000,430520,53.77079433,-1.75873171,0.8,0.5,Counted,Manual count,18,99,25738,224,4521,621,118,161,110,328,157,1495,32077
80415,2009,8,Yorkshire and The Humber,195,Bradford,A6177,Major,A641,A6177,416000,430520,53.77079433,-1.75873171,0.8,0.5,Estimated,Estimated using AADF from previous year on this link,18,93,25326,219,4897,598,123,161,104,289,155,1430,31965
80415,2010,8,Yorkshire and The Humber,195,Bradford,A6177,Major,A641,A6177,416000,430520,53.77079433,-1.75873171,0.8,0.5,Counted,Manual count,38,109,25385,172,4539,648,99,71,75,320,173,1386,31591
80415,2011,8,Yorkshire and The Humber,195,Bradford,A6177,Major,A641,A6177,416000,430520,53.77079433,-1.75873171,0.8,0.5,Estimated,Estimated using AADF from previous year on this link,42,116,25258,172,4680,646,106,79,58,316,182,1387,31613
80415,2012,8,Yorkshire and The Humber,195,Bradford,A6177,Major,A641,A6177,416000,430520,53.77079433,-1.75873171,0.8,0.5,Estimated,Estimated using AADF from previous year on this link,40,105,25151,185,4494,571,101,79,42,293,181,1267,31202
80415,2013,8,Yorkshire and The Humber,195,Bradford,A6177,Major,A641,A6177,416000,430520,53.77079433,-1.75873171,0.8,0.5,Estimated,Estimated using AADF from previous year on this link,39,105,25008,174,4546,570,109,89,31,274,181,1253,31086
80415,2014,8,Yorkshire and The Humber,195,Bradford,A6177,Major,A641,A6177,416000,430520,53.77079433,-1.75873171,0.8,0.5,Estimated,Estimated using AADF from previous year on this link,38,111,24749,185,5176,602,124,100,33,268,204,1332,31553
80415,2015,8,Yorkshire and The Humber,195,Bradford,A6177,Major,A641,A6177,416000,430520,53.77079433,-1.75873171,0.8,0.5,Counted,Manual count,70,80,27395,139,4782,898,116,76,153,262,185,1690,34085
80415,2016,8,Yorkshire and The Humber,195,Bradford,A6177,Major,A641,A6177,416000,430520,53.77079433,-1.75873171,0.8,0.5,Estimated,Estimated using AADF from previous year on this link,65,78,27822,129,5223,911,115,86,159,232,182,1685,34937
80415,2017,8,Yorkshire and The Humber,195,Bradford,A6177,Major,A641,A6177,416000,430520,53.77079433,-1.75873171,0.8,0.5,Estimated,Estimated using AADF from previous year on this link,62,79,27617,120,5498,904,117,88,165,231,190,1695,35010
80415,2018,8,Yorkshire and The Humber,195,Bradford,A6177,Major,A641,A6177,416000,430520,53.77079433,-1.75873171,0.8,0.5,Estimated,Estimated using AADF from previous year on this link,69,78,27313,109,5601,912,116,86,168,239,198,1719,34821
80415,2019,8,Yorkshire and The Humber,195,Bradford,A6177,Major,A641,A6177,416000,430520,53.77079433,-1.75873171,0.8,0.5,Counted,Manual count,46,70,27914,130,5139,526,99,77,68,360,184,1313,34566
80415,2020,8,Yorkshire and The Humber,195,Bradford,A6177,Major,A641,A6177,416000,430520,53.77079433,-1.75873171,0.8,0.5,Estimated,Estimated using AADF from previous year on this link,52,52,21203,82,4535,462,86,69,59,319,160,1154,27026
80415,2021,8,Yorkshire and The Humber,195,Bradford,A6177,Major,A641,A6177,416000,430520,53.77079433,-1.75873171,0.8,0.5,Estimated,Estimated using AADF from previous year on this link,43,55,23360,85,4944,494,92,76,63,340,171,1236,29679
80415,2022,8,Yorkshire and The Humber,195,Bradford,A6177,Major,A641,A6177,416000,430520,53.77079433,-1.75873171,0.8,0.5,Counted,Manual count,49,57,26518,109,4849,877,127,150,34,93,437,1718,33250
80415,2023,8,Yorkshire and The Humber,195,Bradford,A6177,Major,A641,A6177,416000,430520,53.77079433,-1.75873171,0.8,0.5,Estimated,Estimated using AADF from previous year on this link,48,56,27016,110,4931,866,125,148,34,91,420,1684,33797
80415,2024,8,Yorkshire and The Humber,195,Bradford,A6177,Major,A641,A6177,416000,430520,53.77079433,-1.75873171,0.8,0.5,Estimated,Estimated using AADF from previous year on this link,48,58,27426,110,5019,879,125,145,33,88,406,1677,34290
80415,2025,8,Yorkshire and The Humber,195,Bradford,A6177,Major,A641,A6177,416000,430520,53.77079433,-1.75873171,0.8,0.5,Estimated,Estimated using AADF from previous year on this link,49,59,27459,108,5122,870,125,149,34,86,399,1662,34410
80416,2005,8,Yorkshire and The Humber,195,Bradford,A6177,Major,A6177,M606,416520,430310,53.76889079,-1.75085364,0.2,0.1,Estimated,Estimated using AADF from previous year on this link,51,46,11539,114,1817,398,45,22,74,170,88,797,14313
80416,2006,8,Yorkshire and The Humber,195,Bradford,A6177,Major,A6177,M606,416520,430310,53.76889079,-1.75085364,0.2,0.1,Counted,Manual count,2,44,11522,146,1822,476,54,26,74,170,87,887,14421
80416,2007,8,Yorkshire and The Humber,195,Bradford,A6177,Major,A6177,M606,416520,430310,53.76889079,-1.75085364,0.2,0.1,Estimated,Estimated using AADF from previous year on this link,1,42,11337,133,1919,443,50,27,59,149,83,811,14242
80416,2008,8,Yorkshire and The Humber,195,Bradford,A6177,Major,A6177,M606,416520,430310,53.76889079,-1.75085364,0.2,0.1,Estimated,Estimated using AADF from previous year on this link,1,41,11088,116,1959,442,56,28,51,130,80,787,13991
80416,2009,8,Yorkshire and The Humber,195,Bradford,A6177,Major,A6177,M606,416520,430310,53.76889079,-1.75085364,0.2,0.1,Estimated,Estimated using AADF from previous year on this link,1,46,11332,115,1988,402,55,26,47,112,78,720,14201
80416,2010,8,Yorkshire and The Humber,195,Bradford,A6177,Major,A6177,M606,416520,430310,53.76889079,-1.75085364,0.2,0.1,Estimated,Estimated using AADF from previous year on this link,1,44,11264,130,2123,428,56,23,55,106,79,747,14308
80416,2011,8,Yorkshire and The Humber,195,Bradford,A6177,Major,A6177,M606,416520,430310,53.76889079,-1.75085364,0.2,0.1,Estimated,Estimated using AADF from previous year on this link,1,37,11230,123,2369,435,61,26,44,109,87,762,14521
80416,2012,8,Yorkshire and The Humber,195,Bradford,A6177,Major,A6177,M606,416520,430310,53.76889079,-1.75085364,0.2,0.1,Estimated,Estimated using AADF from previous year on this link,1,35,11055,134,2397,440,66,30,31,97,83,747,14368
80416,2013,8,Yorkshire and The Humber,195,Bradford,A6177,Major,A6177,M606,416520,430310,53.76889079,-1.75085364,0.2,0.1,Counted,Manual count,17,191,11571,94,2241,241,55,33,23,111,80,543,14639
80416,2014,8,Yorkshire and The Humber,195,Bradford,A6177,Major,A6177,M606,416520,430310,53.76889079,-1.75085364,0.2,0.1,Estimated,Estimated using AADF from previous year on this link,17,183,11885,90,2396,247,60,36,20,91,76,530,15084
80416,2015,8,Yorkshire and The Humber,195,Bradford,A6177,Major,A6177,M606,416520,430310,53.76889079,-1.75085364,0.2,0.1,Estimated,Estimated using AADF from previous year on this link,16,161,12120,97,2513,234,62,34,24,87,73,515,15406
80416,2016,8,Yorkshire and The Humber,195,Bradford,A6177,Major,A6177,M606,416520,430310,53.76889079,-1.75085364,0.2,0.1,Estimated,Estimated using AADF from previous year on this link,15,158,12309,90,2745,238,61,39,25,77,72,512,15814
80416,2017,8,Yorkshire and The Humber,195,Bradford,A6177,Major,A6177,M606,416520,430310,53.76889079,-1.75085364,0.2,0.1,Estimated,Estimated using AADF from previous year on this link,14,159,12218,84,2890,236,62,40,26,77,74,516,15867
80416,2018,8,Yorkshire and The Humber,195,Bradford,A6177,Major,A6177,M606,416520,430310,53.76889079,-1.75085364,0.3,0.2,Estimated,Estimated using AADF from previous year on this link,16,158,12084,76,2944,238,62,39,26,80,78,523,15784
80416,2019,8,Yorkshire and The Humber,195,Bradford,A6177,Major,A6177,M606,416520,430310,53.76889079,-1.75085364,0.3,0.2,Estimated,Estimated using AADF from previous year on this link,17,148,12235,77,2918,235,63,39,27,82,78,524,15902
80416,2020,8,Yorkshire and The Humber,195,Bradford,A6177,Major,A6177,M606,416520,430310,53.76889079,-1.75085364,0.3,0.2,Estimated,Estimated using AADF from previous year on this link,19,109,9294,49,2575,207,55,35,23,73,68,460,12487
80417,2005,8,Yorkshire and The Humber,195,Bradford,A6177,Major,A6177,M606,416470,430380,53.76952151,-1.75160847,0.2,0.1,Estimated,Estimated using AADF from previous year on this link,51,49,13962,159,2426,477,55,32,63,199,88,914,17510
80417,2006,8,Yorkshire and The Humber,195,Bradford,A6177,Major,A6177,M606,416470,430380,53.76952151,-1.75160847,0.2,0.1,Counted,Manual count,3,50,13971,159,2433,653,75,44,80,255,113,1220,17833
80417,2007,8,Yorkshire and The Humber,195,Bradford,A6177,Major,A6177,M606,416470,430380,53.76952151,-1.75160847,0.2,0.1,Estimated,Estimated using AADF from previous year on this link,2,48,13748,145,2562,608,69,45,63,223,107,1115,17618
80417,2008,8,Yorkshire and The Humber,195,Bradford,A6177,Major,A6177,M606,416470,430380,53.76952151,-1.75160847,0.2,0.1,Estimated,Estimated using AADF from previous year on this link,2,46,13445,126,2615,606,78,47,55,194,104,1084,17316
80417,2009,8,Yorkshire and The Humber,195,Bradford,A6177,Major,A6177,M606,416470,430380,53.76952151,-1.75160847,0.2,0.1,Estimated,Estimated using AADF from previous year on this link,2,51,13741,125,2654,551,77,44,51,167,101,991,17562
80417,2010,8,Yorkshire and The Humber,195,Bradford,A6177,Major,A6177,M606,416470,430380,53.76952151,-1.75160847,0.2,0.1,Estimated,Estimated using AADF from previous year on this link,2,49,13659,142,2834,586,78,38,60,159,102,1023,17707
80417,2011,8,Yorkshire and The Humber,195,Bradford,A6177,Major,A6177,M606,416470,430380,53.76952151,-1.75160847,0.2,0.1,Estimated,Estimated using AADF from previous year on this link,2,41,13618,134,3163,595,85,44,48,164,113,1049,18005
80417,2012,8,Yorkshire and The Humber,195,Bradford,A6177,Major,A6177,M606,416470,430380,53.76952151,-1.75160847,0.2,0.1,Estimated,Estimated using AADF from previous year on this link,2,39,13406,146,3200,602,93,50,33,146,108,1032,17822
80417,2013,8,Yorkshire and The Humber,195,Bradford,A6177,Major,A6177,M606,416470,430380,53.76952151,-1.75160847,0.2,0.1,Estimated,Estimated using AADF from previous year on this link,2,44,13287,152,3326,607,101,57,25,139,109,1037,17847
80417,2014,8,Yorkshire and The Humber,195,Bradford,A6177,Major,A6177,M606,416470,430380,53.76952151,-1.75160847,0.2,0.1,Counted,Manual count,19,52,14816,77,2630,498,60,69,39,179,89,935,18509
80417,2015,8,Yorkshire and The Humber,195,Bradford,A6177,Major,A6177,M606,416470,430380,53.76952151,-1.75160847,0.2,0.1,Estimated,Estimated using AADF from previous year on this link,17,46,15109,83,2758,472,61,66,47,172,86,904,18900
80417,2016,8,Yorkshire and The Humber,195,Bradford,A6177,Major,A6177,M606,416470,430380,53.76952151,-1.75160847,0.2,0.1,Estimated,Estimated using AADF from previous year on this link,16,45,15345,77,3013,479,61,74,48,152,85,900,19379
80417,2017,8,Yorkshire and The Humber,195,Bradford,A6177,Major,A6177,M606,416470,430380,53.76952151,-1.75160847,0.2,0.1,Estimated,Estimated using AADF from previous year on this link,16,45,15232,72,3171,476,62,76,50,152,88,904,19425
80417,2018,8,Yorkshire and The Humber,195,Bradford,A6177,Major,A6177,M606,416470,430380,53.76952151,-1.75160847,0.2,0.1,Counted,Manual count,16,44,15086,85,2995,315,60,40,51,201,109,776,18985
80417,2019,8,Yorkshire and The Humber,195,Bradford,A6177,Major,A6177,M606,416470,430380,53.76952151,-1.75160847,0.2,0.1,Estimated,Estimated using AADF from previous year on this link,17,41,15275,86,2969,311,61,40,52,207,109,780,19151
80417,2020,8,Yorkshire and The Humber,195,Bradford,A6177,Major,A6177,M606,416470,430380,53.76952151,-1.75160847,0.2,0.1,Estimated,Estimated using AADF from previous year on this link,20,30,11603,54,2620,273,53,36,45,183,95,685,14992
80417,2021,8,Yorkshire and The Humber,195,Bradford,A6177,Major,A6177,M606,416470,430380,53.76952151,-1.75160847,0.2,0.1,Estimated,Estimated using AADF from previous year on this link,16,32,12783,56,2856,292,57,39,48,195,101,733,16461
80417,2022,8,Yorkshire and The Humber,195,Bradford,A6177,Major,A6177,M606,416470,430380,53.76952151,-1.75160847,0.2,0.1,Estimated,Estimated using AADF from previous year on this link,15,35,13653,60,3097,303,59,41,50,200,104,757,17602
80417,2023,8,Yorkshire and The Humber,195,Bradford,A6177,Major,A6177,M606,416470,430380,53.76952151,-1.75160847,0.2,0.1,Estimated,Estimated using AADF from previous year on this link,14,35,13910,61,3149,299,58,41,51,195,100,743,17897
80417,2024,8,Yorkshire and The Humber,195,Bradford,A6177,Major,A6177,M606,416470,430380,53.76952151,-1.75160847,0.2,0.1,Estimated,Estimated using AADF from previous year on this link,14,36,14121,61,3205,303,58,40,50,189,96,736,18159
80417,2025,8,Yorkshire and The Humber,195,Bradford,A6177,Major,A6177,M606,416470,430380,53.76952151,-1.75160847,0.2,0.1,Estimated,Estimated using AADF from previous year on this link,14,36,14138,60,3271,300,59,41,50,184,95,729,18234
80418,2005,8,Yorkshire and The Humber,195,Bradford,A6177,Major,M606,A6177,416620,430390,53.76960666,-1.74933226,0.3,0.2,Estimated,Estimated using AADF from previous year on this link,51,66,13264,114,2283,519,81,57,65,194,157,1073,16800
80418,2006,8,Yorkshire and The Humber,195,Bradford,A6177,Major,M606,A6177,416620,430390,53.76960666,-1.74933226,0.3,0.2,Counted,Manual count,5,64,12834,151,2272,648,102,71,64,193,156,1234,16555
80418,2007,8,Yorkshire and The Humber,195,Bradford,A6177,Major,M606,A6177,416620,430390,53.76960666,-1.74933226,0.3,0.2,Estimated,Estimated using AADF from previous year on this link,3,62,12629,138,2392,603,94,73,51,169,147,1137,16358
80418,2008,8,Yorkshire and The Humber,195,Bradford,A6177,Major,M606,A6177,416620,430390,53.76960666,-1.74933226,0.3,0.2,Estimated,Estimated using AADF from previous year on this link,4,59,12351,120,2443,602,106,77,44,147,143,1119,16092
80418,2009,8,Yorkshire and The Humber,195,Bradford,A6177,Major,M606,A6177,416620,430390,53.76960666,-1.74933226,0.3,0.2,Estimated,Estimated using AADF from previous year on this link,4,66,12623,119,2480,548,105,73,41,127,139,1033,16321
80418,2010,8,Yorkshire and The Humber,195,Bradford,A6177,Major,M606,A6177,416620,430390,53.76960666,-1.74933226,0.3,0.2,Estimated,Estimated using AADF from previous year on this link,4,63,12547,135,2649,583,106,64,48,121,141,1063,16457
80418,2011,8,Yorkshire and The Humber,195,Bradford,A6177,Major,M606,A6177,416620,430390,53.76960666,-1.74933226,0.3,0.2,Estimated,Estimated using AADF from previous year on this link,4,53,12509,128,2956,592,116,73,39,125,156,1101,16747
80418,2012,8,Yorkshire and The Humber,195,Bradford,A6177,Major,M606,A6177,416620,430390,53.76960666,-1.74933226,0.3,0.2,Estimated,Estimated using AADF from previous year on this link,4,51,12314,139,2991,599,126,83,27,111,149,1095,16590
80418,2013,8,Yorkshire and The Humber,195,Bradford,A6177,Major,M606,A6177,416620,430390,53.76960666,-1.74933226,0.3,0.2,Estimated,Estimated using AADF from previous year on this link,4,56,12205,146,3109,604,137,95,20,106,151,1113,16628
80418,2014,8,Yorkshire and The Humber,195,Bradford,A6177,Major,M606,A6177,416620,430390,53.76960666,-1.74933226,0.3,0.2,Counted,Manual count,9,56,13277,65,2439,508,84,127,57,174,153,1103,16942
80418,2015,8,Yorkshire and The Humber,195,Bradford,A6177,Major,M606,A6177,416620,430390,53.76960666,-1.74933226,0.3,0.2,Estimated,Estimated using AADF from previous year on this link,8,50,13540,70,2558,482,87,120,68,167,148,1072,17290
80418,2016,8,Yorkshire and The Humber,195,Bradford,A6177,Major,M606,A6177,416620,430390,53.76960666,-1.74933226,0.3,0.2,Estimated,Estimated using AADF from previous year on this link,8,49,13751,65,2794,489,86,136,71,148,146,1075,17734
80418,2017,8,Yorkshire and The Humber,195,Bradford,A6177,Major,M606,A6177,416620,430390,53.76960666,-1.74933226,0.3,0.2,Estimated,Estimated using AADF from previous year on this link,8,49,13650,61,2941,485,87,139,74,148,151,1084,17785
80418,2018,8,Yorkshire and The Humber,195,Bradford,A6177,Major,M606,A6177,416620,430390,53.76960666,-1.74933226,0.3,0.2,Estimated,Estimated using AADF from previous year on this link,8,49,13500,55,2996,490,87,135,75,152,158,1097,17697
80418,2019,8,Yorkshire and The Humber,195,Bradford,A6177,Major,M606,A6177,416620,430390,53.76960666,-1.74933226,0.3,0.2,Estimated,Estimated using AADF from previous year on this link,9,46,13669,56,2970,484,88,136,76,157,159,1099,17840
80418,2020,8,Yorkshire and The Humber,195,Bradford,A6177,Major,M606,A6177,416620,430390,53.76960666,-1.74933226,0.3,0.2,Estimated,Estimated using AADF from previous year on this link,10,34,10383,35,2621,425,77,121,66,139,138,966,14039
80418,2021,8,Yorkshire and The Humber,195,Bradford,A6177,Major,M606,A6177,416620,430390,53.76960666,-1.74933226,0.3,0.2,Estimated,Estimated using AADF from previous year on this link,9,36,11439,36,2857,455,82,133,71,148,148,1036,15405
80418,2022,8,Yorkshire and The Humber,195,Bradford,A6177,Major,M606,A6177,416620,430390,53.76960666,-1.74933226,0.3,0.2,Counted,Manual count,69,69,12480,32,2605,376,142,157,11,109,459,1254,16439
80418,2023,8,Yorkshire and The Humber,195,Bradford,A6177,Major,M606,A6177,416620,430390,53.76960666,-1.74933226,0.3,0.2,Estimated,Estimated using AADF from previous year on this link,68,68,12714,32,2649,371,140,155,12,106,441,1225,16688
80418,2024,8,Yorkshire and The Humber,195,Bradford,A6177,Major,M606,A6177,416620,430390,53.76960666,-1.74933226,0.3,0.2,Estimated,Estimated using AADF from previous year on this link,69,70,12907,32,2696,377,140,151,11,103,427,1209,16914
80418,2025,8,Yorkshire and The Humber,195,Bradford,A6177,Major,M606,A6177,416620,430390,53.76960666,-1.74933226,0.3,0.2,Estimated,Estimated using AADF from previous year on this link,69,72,12923,31,2752,373,140,155,11,101,419,1199,16976
80419,2005,8,Yorkshire and The Humber,195,Bradford,M606,Major,A6177,A6177,416600,430330,53.76906802,-1.74963889,0.2,0.1,Estimated,Estimated using AADF from previous year on this link,0,52,17560,99,3404,903,129,78,217,609,346,2282,23397
80419,2006,8,Yorkshire and The Humber,195,Bradford,M606,Major,A6177,A6177,416600,430330,53.76906802,-1.74963889,0.2,0.1,Counted,Manual count,0,52,18210,117,3751,899,128,77,218,611,348,2281,24411
80419,2007,8,Yorkshire and The Humber,195,Bradford,M606,Major,A6177,A6177,416600,430330,53.76906802,-1.74963889,0.2,0.1,Estimated,Estimated using AADF from previous year on this link,0,54,18337,132,3973,875,124,83,190,591,363,2226,24722
80419,2008,8,Yorkshire and The Humber,195,Bradford,M606,Major,A6177,A6177,416600,430330,53.76906802,-1.74963889,0.2,0.1,Estimated,Estimated using AADF from previous year on this link,0,57,17915,170,4068,844,135,85,172,538,367,2141,24351
80419,2009,8,Yorkshire and The Humber,195,Bradford,M606,Major,A6177,A6177,416600,430330,53.76906802,-1.74963889,0.2,0.1,Estimated,Estimated using AADF from previous year on this link,0,55,17754,183,4141,779,135,82,159,462,354,1971,24104
80419,2010,8,Yorkshire and The Humber,195,Bradford,M606,Major,A6177,A6177,416600,430330,53.76906802,-1.74963889,0.2,0.1,Estimated,Estimated using AADF from previous year on this link,0,51,17434,207,4182,803,133,69,182,430,350,1967,23841
80419,2011,8,Yorkshire and The Humber,195,Bradford,M606,Major,A6177,A6177,416600,430330,53.76906802,-1.74963889,0.2,0.1,Estimated,Estimated using AADF from previous year on this link,0,49,17731,236,4370,768,137,75,138,415,362,1895,24281
80419,2012,8,Yorkshire and The Humber,195,Bradford,M606,Major,A6177,A6177,416600,430330,53.76906802,-1.74963889,0.2,0.1,Estimated,Estimated using AADF from previous year on this link,0,45,17404,248,4480,730,140,80,105,404,377,1837,24014
80419,2013,8,Yorkshire and The Humber,195,Bradford,M606,Major,A6177,A6177,416600,430330,53.76906802,-1.74963889,0.2,0.1,Estimated,Estimated using AADF from previous year on this link,0,49,17577,261,4837,743,154,92,81,397,397,1865,24589
80419,2014,8,Yorkshire and The Humber,195,Bradford,M606,Major,A6177,A6177,416600,430330,53.76906802,-1.74963889,0.2,0.1,Counted,Manual count,0,56,22066,108,3686,951,115,176,107,482,322,2153,28069
80419,2015,8,Yorkshire and The Humber,195,Bradford,M606,Major,A6177,A6177,416600,430330,53.76906802,-1.74963889,0.2,0.1,Estimated,Estimated using AADF from previous year on this link,0,54,22125,100,4101,980,128,182,134,488,327,2238,28619
80419,2016,8,Yorkshire and The Humber,195,Bradford,M606,Major,A6177,A6177,416600,430330,53.76906802,-1.74963889,0.2,0.1,Estimated,Estimated using AADF from previous year on this link,0,55,22306,98,4355,1031,125,212,137,461,340,2306,29121
80419,2017,8,Yorkshire and The Humber,195,Bradford,M606,Major,A6177,A6177,416600,430330,53.76906802,-1.74963889,0.2,0.1,Estimated,Estimated using AADF from previous year on this link,0,51,22281,96,4722,1084,134,235,139,474,352,2418,29569
80419,2018,8,Yorkshire and The Humber,195,Bradford,M606,Major,A6177,A6177,416600,430330,53.76906802,-1.74963889,0.2,0.1,Counted,Manual count,0,60,24375,86,4343,900,192,133,37,218,907,2388,31251
80419,2019,8,Yorkshire and The Humber,195,Bradford,M606,Major,A6177,A6177,416600,430330,53.76906802,-1.74963889,0.2,0.1,Estimated,Estimated using AADF from previous year on this link,0,58,24748,86,4339,895,203,138,37,217,911,2403,31635
80419,2020,8,Yorkshire and The Humber,195,Bradford,M606,Major,A6177,A6177,416600,430330,53.76906802,-1.74963889,0.2,0.1,Estimated,Estimated using AADF from previous year on this link,0,32,15989,46,3601,786,180,126,34,205,830,2160,21830
80419,2021,8,Yorkshire and The Humber,195,Bradford,M606,Major,A6177,A6177,416600,430330,53.76906802,-1.74963889,0.2,0.1,Estimated,Estimated using AADF from previous year on this link,0,33,18278,46,4210,894,200,142,37,221,896,2391,24959
80419,2022,8,Yorkshire and The Humber,195,Bradford,M606,Major,A6177,A6177,416600,430330,53.76906802,-1.74963889,0.2,0.1,Counted,Manual count,0,48,20394,49,4715,595,111,162,88,463,479,1897,27103
80419,2023,8,Yorkshire and The Humber,195,Bradford,M606,Major,A6177,A6177,416600,430330,53.76906802,-1.74963889,0.2,0.1,Estimated,Estimated using AADF from previous year on this link,0,47,20960,52,4869,592,111,164,88,456,463,1875,27803
80419,2024,8,Yorkshire and The Humber,195,Bradford,M606,Major,A6177,A6177,416600,430330,53.76906802,-1.74963889,0.2,0.1,Estimated,Estimated using AADF from previous year on this link,0,46,20924,52,5015,598,111,172,88,461,468,1897,27934
80419,2025,8,Yorkshire and The Humber,195,Bradford,M606,Major,A6177,A6177,416600,430330,53.76906802,-1.74963889,0.2,0.1,Estimated,Estimated using AADF from previous year on this link,0,47,21343,52,5048,609,114,183,89,471,477,1943,28433
80633,2000,8,Yorkshire and The Humber,195,Bradford,A647,Major,A644,UPLANDS AVENUE,410650,430400,53.76985122,-1.83990483,1.5,0.9,Estimated,Estimated using AADF from previous year on this link,37,36,12594,231,1393,288,26,117,9,20,8,468,14722
80633,2001,8,Yorkshire and The Humber,195,Bradford,A647,Major,A644,UPLANDS AVENUE,410650,430400,53.76985122,-1.83990483,1.5,0.9,Estimated,Estimated using AADF from previous year on this link,35,38,12203,241,1403,275,29,114,7,16,8,449,14334
80633,2002,8,Yorkshire and The Humber,195,Bradford,A647,Major,A644,UPLANDS AVENUE,410650,430400,53.76985122,-1.83990483,1.5,0.9,Estimated,Estimated using AADF from previous year on this link,37,40,12398,243,1504,260,29,116,7,14,8,434,14619
80633,2003,8,Yorkshire and The Humber,195,Bradford,A647,Major,A644,UPLANDS AVENUE,410650,430400,53.76985122,-1.83990483,1.5,0.9,Counted,Manual count,33,56,11939,237,1633,252,30,122,7,12,8,431,14296
80633,2004,8,Yorkshire and The Humber,195,Bradford,A647,Major,A644,UPLANDS AVENUE,410650,430400,53.76985122,-1.83990483,1.5,0.9,Estimated,Estimated using AADF from previous year on this link,27,37,12094,195,1798,307,38,164,7,12,10,538,14662
80633,2005,8,Yorkshire and The Humber,195,Bradford,A647,Major,A644,UPLANDS AVENUE,410650,430400,53.76985122,-1.83990483,1.5,0.9,Estimated,Estimated using AADF from previous year on this link,22,31,11538,183,1917,332,40,187,5,8,10,582,14251
80633,2006,8,Yorkshire and The Humber,195,Bradford,A647,Major,A644,UPLANDS AVENUE,410650,430400,53.76985122,-1.83990483,1.5,0.9,Counted,Manual count,13,88,11735,227,1826,210,23,40,3,9,4,289,14165
80633,2007,8,Yorkshire and The Humber,195,Bradford,A647,Major,A644,UPLANDS AVENUE,410650,430400,53.76985122,-1.83990483,1.5,0.9,Estimated,Estimated using AADF from previous year on this link,8,84,11547,205,1922,195,21,41,2,8,4,271,14029
80633,2008,8,Yorkshire and The Humber,195,Bradford,A647,Major,A644,UPLANDS AVENUE,410650,430400,53.76985122,-1.83990483,1.5,0.9,Counted,Manual count,36,72,12559,248,1863,169,19,61,5,13,5,272,15014
80633,2009,8,Yorkshire and The Humber,195,Bradford,A647,Major,A644,UPLANDS AVENUE,410650,430400,53.76985122,-1.83990483,1.5,0.9,Estimated,Estimated using AADF from previous year on this link,36,80,12835,246,1891,153,19,58,5,11,5,251,15303
80633,2010,8,Yorkshire and The Humber,195,Bradford,A647,Major,A644,UPLANDS AVENUE,410650,430400,53.76985122,-1.83990483,1.5,0.9,Estimated,Estimated using AADF from previous year on this link,36,76,12758,278,2019,163,19,51,6,11,5,255,15386
80633,2011,8,Yorkshire and The Humber,195,Bradford,A647,Major,A644,UPLANDS AVENUE,410650,430400,53.76985122,-1.83990483,1.5,0.9,Estimated,Estimated using AADF from previous year on this link,40,64,12719,263,2253,165,21,58,5,11,5,265,15564
80633,2012,8,Yorkshire and The Humber,195,Bradford,A647,Major,A644,UPLANDS AVENUE,410650,430400,53.76985122,-1.83990483,1.5,0.9,Estimated,Estimated using AADF from previous year on this link,38,61,12521,286,2280,167,23,66,3,10,5,274,15421
80633,2013,8,Yorkshire and The Humber,195,Bradford,A647,Major,A644,UPLANDS AVENUE,410650,430400,53.76985122,-1.83990483,1.5,0.9,Estimated,Estimated using AADF from previous year on this link,37,68,12410,299,2369,168,25,75,3,9,5,285,15432
80633,2014,8,Yorkshire and The Humber,195,Bradford,A647,Major,A644,UPLANDS AVENUE,410650,430400,53.76985122,-1.83990483,1.5,0.9,Estimated,Estimated using AADF from previous year on this link,36,65,12747,288,2534,172,28,82,2,8,5,296,15930
80633,2015,8,Yorkshire and The Humber,195,Bradford,A647,Major,A644,UPLANDS AVENUE,410650,430400,53.76985122,-1.83990483,1.5,0.9,Estimated,Estimated using AADF from previous year on this link,34,58,12999,310,2657,163,28,78,3,7,4,284,16308
80633,2016,8,Yorkshire and The Humber,195,Bradford,A647,Major,A644,UPLANDS AVENUE,410650,430400,53.76985122,-1.83990483,1.5,0.9,Estimated,Estimated using AADF from previous year on this link,31,56,13202,287,2902,166,28,88,3,6,4,295,16743
80633,2017,8,Yorkshire and The Humber,195,Bradford,A647,Major,A644,UPLANDS AVENUE,410650,430400,53.76985122,-1.83990483,1.5,0.9,Counted,Manual count,36,51,11779,136,1579,105,22,19,4,12,8,169,13716
80633,2018,8,Yorkshire and The Humber,195,Bradford,A647,Major,A644,UPLANDS AVENUE,410650,430400,53.76985122,-1.83990483,1.5,0.9,Estimated,Estimated using AADF from previous year on this link,40,51,11650,123,1609,106,22,18,4,12,8,170,13603
80633,2019,8,Yorkshire and The Humber,195,Bradford,A647,Major,A644,UPLANDS AVENUE,410650,430400,53.76985122,-1.83990483,1.5,0.9,Estimated,Estimated using AADF from previous year on this link,44,48,11796,125,1595,104,23,18,4,12,8,170,13733
80633,2020,8,Yorkshire and The Humber,195,Bradford,A647,Major,A644,UPLANDS AVENUE,410650,430400,53.76985122,-1.83990483,1.5,0.9,Estimated,Estimated using AADF from previous year on this link,50,35,8960,79,1407,92,20,16,4,11,7,149,10631
80633,2021,8,Yorkshire and The Humber,195,Bradford,A647,Major,A644,UPLANDS AVENUE,410650,430400,53.76985122,-1.83990483,1.5,0.9,Estimated,Estimated using AADF from previous year on this link,41,37,9871,81,1534,98,21,18,4,12,8,160,11685
80642,2000,8,Yorkshire and The Humber,195,Bradford,A65,Major,Victoria Avenue,B6382 West,412600,448100,53.92889258,-1.80960152,3.2,2.0,Estimated,Estimated using AADF from previous year on this link,65,65,15198,123,1556,447,60,118,68,146,59,898,17840
80642,2001,8,Yorkshire and The Humber,195,Bradford,A65,Major,Victoria Avenue,B6382 West,412600,448100,53.92889258,-1.80960152,3.2,2.0,Estimated,Estimated using AADF from previous year on this link,62,68,14727,129,1567,426,68,114,55,116,61,840,17331
80642,2002,8,Yorkshire and The Humber,195,Bradford,A65,Major,Victoria Avenue,B6382 West,412600,448100,53.92889258,-1.80960152,3.2,2.0,Estimated,Estimated using AADF from previous year on this link,64,70,14963,131,1680,403,70,116,50,101,67,807,17651
80642,2003,8,Yorkshire and The Humber,195,Bradford,A65,Major,Victoria Avenue,B6382 West,412600,448100,53.92889258,-1.80960152,3.2,2.0,Counted,Manual count,57,101,14410,127,1824,390,72,122,48,90,75,797,17259
80642,2004,8,Yorkshire and The Humber,195,Bradford,A65,Major,Victoria Avenue,B6382 West,412600,448100,53.92889258,-1.80960152,3.2,2.0,Estimated,Estimated using AADF from previous year on this link,46,65,14597,104,2009,475,92,163,49,85,87,951,17726
80642,2005,8,Yorkshire and The Humber,195,Bradford,A65,Major,Victoria Avenue,B6382 West,412600,448100,53.92889258,-1.80960152,3.2,2.0,Counted,Manual count,42,84,13535,94,1816,279,52,91,35,59,61,577,16106
80642,2006,8,Yorkshire and The Humber,195,Bradford,A65,Major,Victoria Avenue,B6382 West,412600,448100,53.92889258,-1.80960152,3.2,2.0,Estimated,Estimated using AADF from previous year on this link,65,73,13277,87,1843,269,49,92,28,47,58,543,15823
80642,2007,8,Yorkshire and The Humber,195,Bradford,A65,Major,Victoria Avenue,B6382 West,412600,448100,53.92889258,-1.80960152,3.2,2.0,Counted,Manual count,26,64,12334,79,1911,264,67,111,49,53,49,593,14981
80642,2008,8,Yorkshire and The Humber,195,Bradford,A65,Major,Victoria Avenue,B6382 West,412600,448100,53.92889258,-1.80960152,3.2,2.0,Estimated,Estimated using AADF from previous year on this link,29,61,12062,69,1951,263,76,117,43,47,48,594,14737
80642,2009,8,Yorkshire and The Humber,195,Bradford,A65,Major,Victoria Avenue,B6382 West,412600,448100,53.92889258,-1.80960152,3.2,2.0,Estimated,Estimated using AADF from previous year on this link,29,68,12327,69,1981,239,76,111,40,40,47,553,14998
80642,2010,8,Yorkshire and The Humber,195,Bradford,A65,Major,Victoria Avenue,B6382 West,412600,448100,53.92889258,-1.80960152,3.2,2.0,Estimated,Estimated using AADF from previous year on this link,29,64,12253,78,2115,254,78,98,47,37,47,561,15071
80642,2011,8,Yorkshire and The Humber,195,Bradford,A65,Major,Victoria Avenue,B6382 West,412600,448100,53.92889258,-1.80960152,3.2,2.0,Estimated,Estimated using AADF from previous year on this link,32,54,12216,74,2361,258,86,113,38,38,52,585,15290
80642,2012,8,Yorkshire and The Humber,195,Bradford,A65,Major,Victoria Avenue,B6382 West,412600,448100,53.92889258,-1.80960152,3.2,2.0,Estimated,Estimated using AADF from previous year on this link,30,52,12025,80,2389,261,94,129,26,34,50,593,15140
80642,2013,8,Yorkshire and The Humber,195,Bradford,A65,Major,Victoria Avenue,B6382 West,412600,448100,53.92889258,-1.80960152,3.2,2.0,Estimated,Estimated using AADF from previous year on this link,30,58,11919,84,2483,263,102,146,20,32,50,614,15157
80642,2014,8,Yorkshire and The Humber,195,Bradford,A65,Major,Victoria Avenue,B6382 West,412600,448100,53.92889258,-1.80960152,3.2,2.0,Estimated,Estimated using AADF from previous year on this link,29,55,12243,81,2655,269,113,160,17,26,48,634,15668
80642,2015,8,Yorkshire and The Humber,195,Bradford,A65,Major,Victoria Avenue,B6382 West,412600,448100,53.92889258,-1.80960152,3.2,2.0,Estimated,Estimated using AADF from previous year on this link,27,49,12485,87,2784,255,116,152,21,25,46,615,16020
80642,2016,8,Yorkshire and The Humber,195,Bradford,A65,Major,Victoria Avenue,B6382 West,412600,448100,53.92889258,-1.80960152,3.2,2.0,Counted,Manual count,70,58,12125,72,1826,194,49,83,37,44,58,467,14547
80642,2017,8,Yorkshire and The Humber,195,Bradford,A65,Major,Victoria Avenue,B6382 West,412600,448100,53.92889258,-1.80960152,3.2,2.0,Estimated,Estimated using AADF from previous year on this link,67,59,12035,67,1922,193,50,86,38,44,61,472,14555
80642,2018,8,Yorkshire and The Humber,195,Bradford,A65,Major,Victoria Avenue,B6382 West,412600,448100,53.92889258,-1.80960152,3.2,2.0,Estimated,Estimated using AADF from previous year on this link,74,58,11903,61,1958,195,50,83,39,46,63,476,14456
80642,2019,8,Yorkshire and The Humber,195,Bradford,A65,Major,Victoria Avenue,B6382 West,412600,448100,53.92889258,-1.80960152,3.2,2.0,Estimated,Estimated using AADF from previous year on this link,81,54,12052,61,1941,192,51,83,40,47,64,477,14586
80642,2020,8,Yorkshire and The Humber,195,Bradford,A65,Major,Victoria Avenue,B6382 West,412600,448100,53.92889258,-1.80960152,3.2,2.0,Estimated,Estimated using AADF from previous year on this link,92,40,9154,39,1713,169,44,75,34,42,55,419,11366
80642,2021,8,Yorkshire and The Humber,195,Bradford,A65,Major,Victoria Avenue,B6382 West,412600,448100,53.92889258,-1.80960152,3.2,2.0,Estimated,Estimated using AADF from previous year on this link,75,43,10086,40,1868,181,47,82,37,44,59,450,12486
80642,2022,8,Yorkshire and The Humber,195,Bradford,A65,Major,Victoria Avenue,B6382 West,412600,448100,53.92889258,-1.80960152,3.2,2.0,Estimated,Estimated using AADF from previous year on this link,67,47,10772,43,2025,187,49,87,39,46,61,467,13354
80642,2023,8,Yorkshire and The Humber,195,Bradford,A65,Major,Victoria Avenue,B6382 West,412600,448100,53.92889258,-1.80960152,3.2,2.0,Estimated,Estimated using AADF from previous year on this link,66,46,10975,43,2059,185,48,86,39,44,58,460,13583
80642,2024,8,Yorkshire and The Humber,195,Bradford,A65,Major,Victoria Avenue,B6382 West,412600,448092,53.92882068,-1.80960185,3.2,2.0,Counted,Manual count,62,67,9949,47,1492,124,51,46,17,13,81,331,11887
80642,2025,8,Yorkshire and The Humber,195,Bradford,A65,Major,Victoria Avenue,B6382 West,412600,448092,53.92882068,-1.80960185,3.2,2.0,Estimated,Estimated using AADF from previous year on this link,63,69,9961,46,1523,123,51,47,17,13,79,330,11929
80857,2005,8,Yorkshire and The Humber,195,Bradford,A650,Major,Aireworth Rd roundabout,B6265,408460,441130,53.86633069,-1.87284019,2.5,1.6,Counted,Manual count,9,252,24623,147,3552,900,135,119,132,300,176,1762,30336
80857,2006,8,Yorkshire and The Humber,195,Bradford,A650,Major,Aireworth Rd roundabout,B6265,408460,441130,53.86633069,-1.87284019,2.5,1.6,Estimated,Estimated using AADF from previous year on this link,8,272,25041,142,3722,926,136,129,120,268,190,1769,30946
80857,2007,8,Yorkshire and The Humber,195,Bradford,A650,Major,Aireworth Rd roundabout,B6265,408460,441130,53.86633069,-1.87284019,2.5,1.6,Estimated,Estimated using AADF from previous year on this link,8,274,24866,134,4124,944,138,144,104,258,198,1786,31184
80857,2008,8,Yorkshire and The Humber,195,Bradford,A650,Major,Aireworth Rd roundabout,B6265,408460,441130,53.86633069,-1.87284019,2.5,1.6,Counted,Manual count,14,220,26233,80,4479,795,107,121,94,273,121,1511,32523
80857,2009,8,Yorkshire and The Humber,195,Bradford,A650,Major,Aireworth Rd roundabout,B6265,408460,441130,53.86633069,-1.87284019,2.5,1.6,Counted,Manual count,14,243,25852,86,4454,553,130,118,109,281,189,1380,32015
80857,2010,8,Yorkshire and The Humber,195,Bradford,A650,Major,Aireworth Rd roundabout,B6265,408460,441130,53.86633069,-1.87284019,2.5,1.6,Counted,Manual count,13,282,29148,70,4068,654,114,119,61,291,140,1379,34947
80857,2011,8,Yorkshire and The Humber,195,Bradford,A650,Major,Aireworth Rd roundabout,B6265,408460,441130,53.86633069,-1.87284019,2.5,1.6,Estimated,Estimated using AADF from previous year on this link,12,278,28973,70,4162,642,121,132,46,283,146,1370,34853
80857,2012,8,Yorkshire and The Humber,195,Bradford,A650,Major,Aireworth Road roundabout,B6265,408460,441130,53.86633069,-1.87284019,2.5,1.6,Counted,Manual count,19,225,26587,93,4167,699,124,87,82,206,178,1376,32448
80857,2013,8,Yorkshire and The Humber,195,Bradford,A650,Major,Aireworth Road roundabout,B6265,408460,441130,53.86633069,-1.87284019,2.5,1.6,Estimated,Estimated using AADF from previous year on this link,19,237,26269,96,4424,712,136,100,63,203,187,1401,32428
80857,2014,8,Yorkshire and The Humber,195,Bradford,A650,Major,Aireworth Road roundabout,B6265,408460,441130,53.86633069,-1.87284019,2.5,1.6,Counted,Manual count,8,168,28149,130,4286,1011,111,94,118,258,231,1823,34556
80857,2015,8,Yorkshire and The Humber,195,Bradford,A650,Major,Aireworth Road roundabout,B6265,408460,441130,53.86633069,-1.87284019,2.5,1.6,Estimated,Estimated using AADF from previous year on this link,8,174,28997,128,4764,1057,126,98,151,267,240,1939,36002
80857,2016,8,Yorkshire and The Humber,195,Bradford,A650,Major,Aireworth Road roundabout,B6265,408460,441130,53.86633069,-1.87284019,2.5,1.6,Estimated,Estimated using AADF from previous year on this link,8,174,29357,126,5145,1109,120,113,155,250,247,1994,36796
80857,2017,8,Yorkshire and The Humber,195,Bradford,A650,Major,Aireworth Road roundabout,B6265,408460,441130,53.86633069,-1.87284019,2.5,1.6,Counted,Manual count,6,173,28595,165,5044,687,128,109,71,327,204,1526,35502
80857,2018,8,Yorkshire and The Humber,195,Bradford,A650,Major,Aireworth Road roundabout,B6265,408460,441130,53.86633069,-1.87284019,2.6,1.6,Estimated,Estimated using AADF from previous year on this link,6,169,28459,157,5282,697,130,116,71,327,208,1549,35615
80857,2019,8,Yorkshire and The Humber,195,Bradford,A650,Major,Aireworth Road roundabout,B6265,408460,441130,53.86633069,-1.87284019,2.6,1.6,Estimated,Estimated using AADF from previous year on this link,8,182,28521,155,5264,691,136,120,72,328,206,1553,35675
80857,2020,8,Yorkshire and The Humber,195,Bradford,A650,Major,Aireworth Road roundabout,B6265,408460,441130,53.86633069,-1.87284019,2.6,1.6,Counted,Manual count,8,135,24638,64,4610,711,121,88,52,151,285,1408,30855
80857,2021,8,Yorkshire and The Humber,195,Bradford,A650,Major,Aireworth Road roundabout,B6265,408460,441130,53.86633069,-1.87284019,2.6,1.6,Counted,Manual count,1,179,24907,123,5109,842,158,115,100,188,381,1784,32102
80857,2022,8,Yorkshire and The Humber,195,Bradford,A650,Major,Aireworth Road roundabout,B6265,408460,441130,53.86633069,-1.87284019,2.6,1.6,Counted,Manual count,3,174,28732,135,4803,866,156,116,74,125,427,1764,35609
80857,2023,8,Yorkshire and The Humber,195,Bradford,A650,Major,Aireworth Road roundabout,B6265,408460,441130,53.86633069,-1.87284019,2.6,1.6,Estimated,Estimated using AADF from previous year on this link,3,162,29444,134,4898,868,147,108,73,126,403,1726,36363
80857,2024,8,Yorkshire and The Humber,195,Bradford,A650,Major,Aireworth Road roundabout,B6265,408460,441130,53.86633069,-1.87284019,2.6,1.6,Counted,Manual count,5,110,29876,138,5182,826,84,122,63,379,115,1588,36895
80857,2025,8,Yorkshire and The Humber,195,Bradford,A650,Major,Aireworth Road roundabout,B6265,408460,441130,53.86633069,-1.87284019,2.6,1.6,Estimated,Estimated using AADF from previous year on this link,5,114,30196,137,5292,824,84,124,63,376,114,1585,37323
80858,2005,8,Yorkshire and The Humber,195,Bradford,A650,Major,B6265,FERNCLIFFE ROAD,410580,439780,53.8541589,-1.84064833,2.6,1.6,Counted,Manual count,8,198,21496,98,3234,711,122,133,92,228,177,1463,26489
80858,2006,8,Yorkshire and The Humber,195,Bradford,A650,Major,B6265,FERNCLIFFE ROAD,410580,439780,53.8541589,-1.84064833,2.6,1.6,Estimated,Estimated using AADF from previous year on this link,13,207,21561,96,3286,727,121,144,84,204,191,1471,26621
80858,2007,8,Yorkshire and The Humber,195,Bradford,A650,Major,B6265,FERNCLIFFE ROAD,410580,439780,53.8541589,-1.84064833,2.6,1.6,Estimated,Estimated using AADF from previous year on this link,8,209,20548,93,3585,717,120,157,72,192,195,1453,25888
80858,2008,8,Yorkshire and The Humber,195,Bradford,A650,Major,B6265,FERNCLIFFE ROAD,410580,439780,53.8541589,-1.84064833,2.6,1.6,Estimated,Estimated using AADF from previous year on this link,8,195,20157,94,3753,689,129,160,62,169,191,1400,25599
80858,2009,8,Yorkshire and The Humber,195,Bradford,A650,Major,B6265,FERNCLIFFE ROAD,410580,439780,53.8541589,-1.84064833,2.6,1.6,Estimated,Estimated using AADF from previous year on this link,8,184,19834,92,4064,663,135,160,59,149,189,1355,25529
80858,2010,8,Yorkshire and The Humber,195,Bradford,A650,Major,B6265,FERNCLIFFE ROAD,410580,439780,53.8541589,-1.84064833,2.6,1.6,Counted,Manual count,18,402,25138,87,3459,580,101,76,47,233,136,1173,30259
80858,2011,8,Yorkshire and The Humber,195,Bradford,A650,Major,B6265,FERNCLIFFE ROAD,410580,439780,53.8541589,-1.84064833,2.6,1.6,Estimated,Estimated using AADF from previous year on this link,20,426,25013,87,3566,578,108,85,36,230,144,1181,30273
80858,2012,8,Yorkshire and The Humber,195,Bradford,A650,Major,B6265,FERNCLIFFE ROAD,410580,439780,53.8541589,-1.84064833,2.6,1.6,Estimated,Estimated using AADF from previous year on this link,19,384,24907,93,3425,511,103,85,26,213,143,1081,29891
80858,2013,8,Yorkshire and The Humber,195,Bradford,A650,Major,B6265,FERNCLIFFE ROAD,410580,439780,53.8541589,-1.84064833,2.6,1.6,Estimated,Estimated using AADF from previous year on this link,19,384,24766,88,3464,510,111,95,19,200,143,1078,29780
80858,2014,8,Yorkshire and The Humber,195,Bradford,A650,Major,B6265,FERNCLIFFE ROAD,410580,439780,53.8541589,-1.84064833,2.6,1.6,Estimated,Estimated using AADF from previous year on this link,18,409,24509,93,3944,539,127,108,20,195,162,1150,30105
80858,2015,8,Yorkshire and The Humber,195,Bradford,A650,Major,B6265,FERNCLIFFE ROAD,410580,439780,53.8541589,-1.84064833,2.6,1.6,Counted,Manual count,0,151,30676,92,4208,779,154,61,129,299,190,1610,36737
80858,2016,8,Yorkshire and The Humber,195,Bradford,A650,Major,B6265,FERNCLIFFE ROAD,410580,439780,53.8541589,-1.84064833,2.6,1.6,Estimated,Estimated using AADF from previous year on this link,0,148,31154,85,4597,790,152,69,134,265,187,1596,37580
80858,2017,8,Yorkshire and The Humber,195,Bradford,A650,Major,B6265,FERNCLIFFE ROAD,410580,439780,53.8541589,-1.84064833,2.6,1.6,Estimated,Estimated using AADF from previous year on this link,0,149,30925,80,4839,784,155,71,139,264,194,1607,37599
80858,2018,8,Yorkshire and The Humber,195,Bradford,A650,Major,B6265,FERNCLIFFE ROAD,410580,439780,53.8541589,-1.84064833,2.6,1.6,Estimated,Estimated using AADF from previous year on this link,0,148,30584,72,4929,791,154,69,141,272,203,1631,37364
80858,2019,8,Yorkshire and The Humber,195,Bradford,A650,Major,B6265,FERNCLIFFE ROAD,410580,439780,53.8541589,-1.84064833,2.6,1.6,Estimated,Estimated using AADF from previous year on this link,8,182,28521,155,5264,691,136,120,72,328,206,1553,35675
80858,2020,8,Yorkshire and The Humber,195,Bradford,A650,Major,B6265,FERNCLIFFE ROAD,410580,439780,53.8541589,-1.84064833,2.6,1.6,Counted,Dependent on a neighbouring counted link,8,135,24638,64,4610,711,121,88,52,151,285,1408,30855
80858,2021,8,Yorkshire and The Humber,195,Bradford,A650,Major,B6265,FERNCLIFFE ROAD,410580,439780,53.8541589,-1.84064833,2.6,1.6,Counted,Dependent on a neighbouring counted link,1,179,24907,123,5109,842,158,115,100,188,381,1784,32102
80858,2022,8,Yorkshire and The Humber,195,Bradford,A650,Major,B6265,FERNCLIFFE ROAD,410580,439780,53.8541589,-1.84064833,2.6,1.6,Counted,Dependent on a neighbouring counted link,3,174,28732,135,4803,866,156,116,74,125,427,1764,35609
80858,2023,8,Yorkshire and The Humber,195,Bradford,A650,Major,B6265,FERNCLIFFE ROAD,410580,439780,53.8541589,-1.84064833,2.6,1.6,Estimated,Estimated using AADF from previous year on this link,3,162,29444,134,4898,868,147,108,73,126,403,1726,36363
80858,2024,8,Yorkshire and The Humber,195,Bradford,A650,Major,B6265,FERNCLIFFE ROAD,410580,439780,53.8541589,-1.84064833,2.6,1.6,Counted,Dependent on a neighbouring counted link,5,110,29876,138,5182,826,84,122,63,379,115,1588,36895
80858,2025,8,Yorkshire and The Humber,195,Bradford,A650,Major,B6265,FERNCLIFFE ROAD,410580,439780,53.8541589,-1.84064833,2.6,1.6,Estimated,Estimated using AADF from previous year on this link,5,114,30196,137,5292,824,84,124,63,376,114,1585,37323
80859,2005,8,Yorkshire and The Humber,195,Bradford,A650,Major,FERNCLIFFE ROAD,B6265,411660,438210,53.84002532,-1.82428849,1.8,1.1,Counted,Manual count,11,301,22326,70,3125,754,153,159,88,263,273,1690,27512
80859,2006,8,Yorkshire and The Humber,195,Bradford,A650,Major,FERNCLIFFE ROAD,B6265,411660,438210,53.84002532,-1.82428849,1.8,1.1,Estimated,Estimated using AADF from previous year on this link,11,326,22706,67,3275,775,154,172,80,235,296,1712,28086
80859,2007,8,Yorkshire and The Humber,195,Bradford,A650,Major,FERNCLIFFE ROAD,B6265,411660,438210,53.84002532,-1.82428849,1.8,1.1,Estimated,Estimated using AADF from previous year on this link,11,328,22547,63,3629,790,156,193,70,227,308,1744,28311
80859,2008,8,Yorkshire and The Humber,195,Bradford,A650,Major,FERNCLIFFE ROAD,B6265,411660,438210,53.84002532,-1.82428849,1.8,1.1,Estimated,Estimated using AADF from previous year on this link,11,319,22389,64,3636,770,172,200,66,214,323,1745,28153
80859,2009,8,Yorkshire and The Humber,195,Bradford,A650,Major,FERNCLIFFE ROAD,B6265,411660,438210,53.84002532,-1.82428849,1.8,1.1,Counted,Manual count,11,120,28094,60,4043,569,132,78,122,283,171,1355,33672
80859,2010,8,Yorkshire and The Humber,195,Bradford,A650,Major,FERNCLIFFE ROAD,B6265,411660,438210,53.84002532,-1.82428849,1.8,1.1,Counted,Manual count,11,266,25204,121,3525,665,124,89,108,311,163,1460,30576
80859,2011,8,Yorkshire and The Humber,195,Bradford,A650,Major,FERNCLIFFE ROAD,B6265,411660,438210,53.84002532,-1.82428849,1.8,1.1,Counted,Manual count,6,212,26549,122,4259,559,105,103,107,250,169,1293,32435
80859,2012,8,Yorkshire and The Humber,195,Bradford,A650,Major,FERNCLIFFE ROAD,B6265,411660,438210,53.84002532,-1.82428849,1.8,1.1,Estimated,Estimated using AADF from previous year on this link,6,206,26358,124,4435,555,112,115,82,246,178,1288,32411
80859,2013,8,Yorkshire and The Humber,195,Bradford,A650,Major,FERNCLIFFE ROAD,B6265,411660,438210,53.84002532,-1.82428849,1.8,1.1,Counted,Manual count,17,210,25444,120,4255,647,126,43,106,273,190,1383,31412
80859,2014,8,Yorkshire and The Humber,195,Bradford,A650,Major,FERNCLIFFE ROAD,B6265,411660,438210,53.84002532,-1.82428849,1.8,1.1,Estimated,Estimated using AADF from previous year on this link,13,217,26030,135,4567,618,130,43,106,252,203,1354,32302
80859,2015,8,Yorkshire and The Humber,195,Bradford,A650,Major,FERNCLIFFE ROAD,B6265,411660,438210,53.84002532,-1.82428849,1.8,1.1,Counted,Manual count,11,350,26721,91,4065,710,136,94,84,314,248,1588,32814
80859,2016,8,Yorkshire and The Humber,195,Bradford,A650,Major,FERNCLIFFE ROAD,B6265,411660,438210,53.84002532,-1.82428849,1.8,1.1,Estimated,Estimated using AADF from previous year on this link,11,350,27053,90,4390,745,130,109,86,294,256,1620,33503
80859,2017,8,Yorkshire and The Humber,195,Bradford,A650,Major,FERNCLIFFE ROAD,B6265,411660,438210,53.84002532,-1.82428849,1.8,1.1,Counted,Manual count,9,143,27637,134,5015,530,115,88,99,335,176,1344,34273
80859,2018,8,Yorkshire and The Humber,195,Bradford,A650,Major,FERNCLIFFE ROAD,B6265,411660,438210,53.84002532,-1.82428849,1.8,1.1,Estimated,Estimated using AADF from previous year on this link,9,140,27505,127,5252,538,117,93,100,336,180,1363,34387
80859,2019,8,Yorkshire and The Humber,195,Bradford,A650,Major,FERNCLIFFE ROAD,B6265,411660,438210,53.84002532,-1.82428849,1.8,1.1,Counted,Manual count,5,209,27998,137,4536,816,120,103,54,89,517,1698,34578
80859,2020,8,Yorkshire and The Humber,195,Bradford,A650,Major,FERNCLIFFE ROAD,B6265,411660,438210,53.84002532,-1.82428849,1.8,1.1,Estimated,Estimated using AADF from previous year on this link,137,92,16718,203,3071,356,90,123,58,275,109,1012,21094
80859,2021,8,Yorkshire and The Humber,195,Bradford,A650,Major,FERNCLIFFE ROAD,B6265,411660,438210,53.84002532,-1.82428849,1.8,1.1,Estimated,Estimated using AADF from previous year on this link,112,97,18418,209,3348,381,96,135,62,294,117,1085,23157
80859,2022,8,Yorkshire and The Humber,195,Bradford,A650,Major,FERNCLIFFE ROAD,B6265,411660,438210,53.84002532,-1.82428849,1.8,1.1,Estimated,Estimated using AADF from previous year on this link,100,106,19672,225,3629,394,100,143,65,301,120,1122,24755
80859,2023,8,Yorkshire and The Humber,195,Bradford,A650,Major,FERNCLIFFE ROAD,B6265,411660,438210,53.84002532,-1.82428849,1.8,1.1,Counted,Dependent on a neighbouring counted link,123,152,24362,274,3417,714,112,80,33,133,350,1422,29628
80859,2024,8,Yorkshire and The Humber,195,Bradford,A650,Major,FERNCLIFFE ROAD,B6265,411660,438210,53.84002532,-1.82428849,1.8,1.1,Estimated,Estimated using AADF from previous year on this link,125,157,24731,275,3478,725,113,78,33,128,338,1415,30057
80859,2025,8,Yorkshire and The Humber,195,Bradford,A650,Major,FERNCLIFFE ROAD,B6265,411660,438210,53.84002532,-1.82428849,1.8,1.1,Estimated,Estimated using AADF from previous year on this link,125,160,24761,269,3550,718,113,80,33,125,332,1401,30141
80860,2005,8,Yorkshire and The Humber,195,Bradford,A650,Major,B6146,A657,412820,437660,53.83505496,-1.80668285,1.6,1.0,Counted,Manual count,80,387,26828,411,3921,941,91,115,127,285,188,1747,33294
80860,2006,8,Yorkshire and The Humber,195,Bradford,A650,Major,B6146,A657,412820,437660,53.83505496,-1.80668285,1.6,1.0,Estimated,Estimated using AADF from previous year on this link,126,402,26908,405,3984,962,91,125,115,255,204,1752,33451
80860,2007,8,Yorkshire and The Humber,195,Bradford,A650,Major,B6146,A657,412820,437660,53.83505496,-1.80668285,1.6,1.0,Estimated,Estimated using AADF from previous year on this link,78,406,25644,389,4346,950,90,135,98,241,208,1722,32507
80860,2008,8,Yorkshire and The Humber,195,Bradford,A650,Major,B6146,A657,412820,437660,53.83505496,-1.80668285,1.6,1.0,Counted,Manual count,148,263,25384,341,3987,634,96,106,73,199,140,1248,31223
80860,2009,8,Yorkshire and The Humber,195,Bradford,A650,Major,B6146,A657,412820,437660,53.83505496,-1.80668285,1.6,1.0,Estimated,Estimated using AADF from previous year on this link,148,248,24978,333,4318,610,100,106,69,175,138,1198,31075
80860,2010,8,Yorkshire and The Humber,195,Bradford,A650,Major,B6146,A657,412820,437660,53.83505496,-1.80668285,1.6,1.0,Counted,Manual count,110,324,25519,315,4120,699,153,71,71,200,139,1333,31611
80860,2011,8,Yorkshire and The Humber,195,Bradford,A650,Major,B6146,A657,412820,437660,53.83505496,-1.80668285,1.6,1.0,Estimated,Estimated using AADF from previous year on this link,122,343,25391,315,4248,696,164,80,55,198,147,1340,31637
80860,2012,8,Yorkshire and The Humber,195,Bradford,A650,Major,B6146,A657,412820,437660,53.83505496,-1.80668285,1.6,1.0,Estimated,Estimated using AADF from previous year on this link,115,310,25283,339,4079,615,156,80,40,184,146,1221,31232
80860,2013,8,Yorkshire and The Humber,195,Bradford,A650,Major,B6146,A657,412820,437660,53.83505496,-1.80668285,1.6,1.0,Estimated,Estimated using AADF from previous year on this link,114,310,25140,319,4126,614,168,90,29,172,146,1219,31113
80860,2014,8,Yorkshire and The Humber,195,Bradford,A650,Major,B6146,A657,412820,437660,53.83505496,-1.80668285,1.6,1.0,Estimated,Estimated using AADF from previous year on this link,111,329,24879,338,4698,649,192,101,31,168,165,1306,31551
80860,2015,8,Yorkshire and The Humber,195,Bradford,A650,Major,B6146,A657,412820,437660,53.83505496,-1.80668285,1.6,1.0,Counted,Manual count,201,279,26307,400,3762,733,120,56,119,279,168,1474,32221
80860,2016,8,Yorkshire and The Humber,195,Bradford,A650,Major,B6146,A657,412820,437660,53.83505496,-1.80668285,1.6,1.0,Estimated,Estimated using AADF from previous year on this link,187,273,26717,370,4109,743,119,63,123,247,165,1461,32930
80860,2017,8,Yorkshire and The Humber,195,Bradford,A650,Major,B6146,A657,412820,437660,53.83505496,-1.80668285,1.6,1.0,Estimated,Estimated using AADF from previous year on this link,179,276,26521,346,4326,738,121,64,128,246,172,1469,32937
80860,2018,8,Yorkshire and The Humber,195,Bradford,A650,Major,B6146,A657,412820,437660,53.83505496,-1.80668285,1.6,1.0,Estimated,Estimated using AADF from previous year on this link,198,273,26229,314,4407,745,121,62,130,254,179,1492,32713
80860,2019,8,Yorkshire and The Humber,195,Bradford,A650,Major,B6146,A657,412578,437530,53.8338924,-1.81036528,1.6,1.0,Counted,Manual count,119,124,22009,321,3480,405,103,138,67,311,126,1150,27083
80860,2020,8,Yorkshire and The Humber,195,Bradford,A650,Major,B6146,A657,412578,437530,53.8338924,-1.81036528,1.6,1.0,Estimated,Estimated using AADF from previous year on this link,137,92,16718,203,3071,356,90,123,58,275,109,1012,21094
80860,2021,8,Yorkshire and The Humber,195,Bradford,A650,Major,B6146,A657,412578,437530,53.8338924,-1.81036528,1.6,1.0,Estimated,Estimated using AADF from previous year on this link,112,97,18418,209,3348,381,96,135,62,294,117,1085,23157
80860,2022,8,Yorkshire and The Humber,195,Bradford,A650,Major,B6146,A657,412578,437530,53.8338924,-1.81036528,1.6,1.0,Estimated,Estimated using AADF from previous year on this link,100,106,19672,225,3629,394,100,143,65,301,120,1122,24755
80860,2023,8,Yorkshire and The Humber,195,Bradford,A650,Major,B6146,A657,412578,437530,53.8338924,-1.81036528,1.6,1.0,Counted,Manual count,123,152,24362,274,3417,714,112,80,33,133,350,1422,29628
80860,2024,8,Yorkshire and The Humber,195,Bradford,A650,Major,B6146,A657,412578,437530,53.8338924,-1.81036528,1.6,1.0,Estimated,Estimated using AADF from previous year on this link,125,157,24731,275,3478,725,113,78,33,128,338,1415,30057
80860,2025,8,Yorkshire and The Humber,195,Bradford,A650,Major,B6146,A657,412578,437530,53.8338924,-1.81036528,1.6,1.0,Estimated,Estimated using AADF from previous year on this link,125,160,24761,269,3550,718,113,80,33,125,332,1401,30141
81393,2011,8,Yorkshire and The Humber,195,Bradford,A658,Major,A657,LA Boundary,419446,437791,53.83602847,-1.70599508,1.6,1.0,Estimated,Estimated from nearby links,39,76,20320,106,2735,226,55,42,30,119,58,530,23767
81393,2012,8,Yorkshire and The Humber,195,Bradford,A658,Major,A657,LA Boundary,419446,437791,53.83602847,-1.70599508,1.6,1.0,Counted,Manual count,108,96,16172,83,1920,269,59,78,34,88,65,594,18864
81393,2013,8,Yorkshire and The Humber,195,Bradford,A658,Major,A657,LA Boundary,419446,437791,53.83602847,-1.70599508,1.6,1.0,Estimated,Estimated using AADF from previous year on this link,107,101,15978,85,2038,274,65,90,26,87,69,611,18814
81393,2014,8,Yorkshire and The Humber,195,Bradford,A658,Major,A657,LA Boundary,419446,437791,53.83602847,-1.70599508,1.6,1.0,Estimated,Estimated using AADF from previous year on this link,86,105,16347,96,2188,262,68,91,26,80,73,601,19336
81393,2015,8,Yorkshire and The Humber,195,Bradford,A658,Major,A657,LA Boundary,419446,437791,53.83602847,-1.70599508,1.6,1.0,Estimated,Estimated using AADF from previous year on this link,85,108,16839,94,2432,274,76,96,33,83,76,639,20113
81393,2016,8,Yorkshire and The Humber,195,Bradford,A658,Major,A657,LA Boundary,419446,437791,53.83602847,-1.70599508,1.6,1.0,Estimated,Estimated using AADF from previous year on this link,85,108,17049,93,2626,288,73,110,34,78,79,662,20537
81393,2017,8,Yorkshire and The Humber,195,Bradford,A658,Major,A657,LA Boundary,419446,437791,53.83602847,-1.70599508,1.6,1.0,Estimated,Estimated using AADF from previous year on this link,81,109,16923,87,2764,286,74,113,36,78,82,668,20551
81393,2018,8,Yorkshire and The Humber,195,Bradford,A658,Major,A657,LA Boundary,419446,437791,53.83602847,-1.70599508,1.6,1.0,Counted,Manual count,80,70,14346,81,1884,166,50,63,19,38,33,369,16750
81393,2019,8,Yorkshire and The Humber,195,Bradford,A658,Major,A657,LA Boundary,419446,437791,53.83602847,-1.70599508,1.6,1.0,Estimated,Estimated using AADF from previous year on this link,88,66,14526,82,1868,164,51,63,20,39,33,370,16911
81393,2020,8,Yorkshire and The Humber,195,Bradford,A658,Major,A657,LA Boundary,419446,437791,53.83602847,-1.70599508,1.6,1.0,Estimated,Estimated using AADF from previous year on this link,100,49,11033,52,1648,144,44,56,17,35,29,325,13107
81393,2021,8,Yorkshire and The Humber,195,Bradford,A658,Major,A657,LA Boundary,419446,437791,53.83602847,-1.70599508,1.6,1.0,Estimated,Estimated using AADF from previous year on this link,82,52,12156,53,1797,154,48,62,18,37,31,350,14407
81393,2022,8,Yorkshire and The Humber,195,Bradford,A658,Major,A657,LA Boundary,419446,437791,53.83602847,-1.70599508,1.6,1.0,Estimated,Estimated using AADF from previous year on this link,73,56,12983,57,1948,160,49,65,19,38,31,363,15408
81393,2023,8,Yorkshire and The Humber,195,Bradford,A658,Major,A657,LA Boundary,419446,437791,53.83602847,-1.70599508,1.6,1.0,Estimated,Estimated using AADF from previous year on this link,72,56,13227,58,1981,158,49,64,19,37,30,357,15679
81393,2024,8,Yorkshire and The Humber,195,Bradford,A658,Major,A657,LA Boundary,419446,437791,53.83602847,-1.70599508,1.6,1.0,Estimated,Estimated using AADF from previous year on this link,73,57,13428,58,2016,160,49,63,19,36,29,355,15915
81393,2025,8,Yorkshire and The Humber,195,Bradford,A658,Major,A657,LA Boundary,419446,437791,53.83602847,-1.70599508,1.6,1.0,Estimated,Estimated using AADF from previous year on this link,73,58,13444,57,2058,158,49,64,19,35,29,354,15971
89260,2017,8,Yorkshire and The Humber,195,Bradford,A650,Major,A647,A647,416609,432815,53.79140255,-1.74936965,0.5,0.3,Estimated,Estimated from nearby links,3,9,2297,81,386,31,10,13,0,1,1,58,2830
89260,2018,8,Yorkshire and The Humber,195,Bradford,A650,Major,A647,A647,416609,432815,53.79140255,-1.74936965,0.5,0.3,Counted,Manual count,39,23,2873,536,219,21,3,0,0,1,0,24,3676
89260,2019,8,Yorkshire and The Humber,195,Bradford,A650,Major,A647,A647,416609,432815,53.79140255,-1.74936965,0.5,0.3,Estimated,Estimated using AADF from previous year on this link,43,22,2909,542,217,21,3,0,0,1,0,24,3714
89260,2020,8,Yorkshire and The Humber,195,Bradford,A650,Major,A647,A647,416609,432815,53.79140255,-1.74936965,0.5,0.3,Estimated,Estimated using AADF from previous year on this link,49,16,2210,342,191,18,2,0,0,1,0,21,2781
89260,2021,8,Yorkshire and The Humber,195,Bradford,A650,Major,A647,A647,416609,432815,53.79140255,-1.74936965,0.5,0.3,Estimated,Estimated using AADF from previous year on this link,40,17,2435,354,209,19,3,0,0,1,0,23,3037
89260,2022,8,Yorkshire and The Humber,195,Bradford,A650,Major,A647,A647,416609,432815,53.79140255,-1.74936965,0.5,0.3,Estimated,Estimated using AADF from previous year on this link,36,19,2600,380,226,20,3,0,0,1,0,24,3249
89260,2023,8,Yorkshire and The Humber,195,Bradford,A650,Major,A647,A647,416609,432815,53.79140255,-1.74936965,0.5,0.3,Estimated,Estimated using AADF from previous year on this link,35,18,2649,384,230,20,3,0,0,1,0,23,3304
89260,2024,8,Yorkshire and The Humber,195,Bradford,A650,Major,A647,A647,416609,432815,53.79140255,-1.74936965,0.5,0.3,Estimated,Estimated using AADF from previous year on this link,36,19,2689,385,234,20,3,0,0,1,0,24,3351
89260,2025,8,Yorkshire and The Humber,195,Bradford,A650,Major,A647,A647,416609,432815,53.79140255,-1.74936965,0.5,0.3,Estimated,Estimated using AADF from previous year on this link,36,19,2693,376,239,20,3,0,0,1,0,23,3351
93147,2021,8,Yorkshire and The Humber,195,Bradford,A6177,Major,A6177,M606,416520,430310,53.76889079,-1.75085364,0.3,0.2,Counted,Manual count,47,21,11302,40,2275,422,55,64,32,67,202,842,14480
93147,2022,8,Yorkshire and The Humber,195,Bradford,A6177,Major,A6177,M606,416520,430310,53.76889079,-1.75085364,0.3,0.2,Estimated,Estimated using AADF from previous year on this link,42,23,12072,43,2466,437,57,68,34,68,207,870,15473
93147,2023,8,Yorkshire and The Humber,195,Bradford,A6177,Major,A6177,M606,416520,430310,53.76889079,-1.75085364,0.3,0.2,Estimated,Estimated using AADF from previous year on this link,41,23,12299,43,2508,431,56,67,34,66,199,853,15725
93147,2024,8,Yorkshire and The Humber,195,Bradford,A6177,Major,A6177,M606,416520,430310,53.76889079,-1.75085364,0.3,0.2,Estimated,Estimated using AADF from previous year on this link,41,24,12485,43,2553,438,56,65,33,64,192,849,15953
93147,2025,8,Yorkshire and The Humber,195,Bradford,A6177,Major,A6177,M606,416520,430310,53.76889079,-1.75085364,0.3,0.2,Estimated,Estimated using AADF from previous year on this link,42,24,12500,42,2605,433,56,67,34,63,189,842,16013
94212,2022,8,Yorkshire and The Humber,195,Bradford,A647,Major,Queensbury,A6177 Cross Lane,412000,430650,53.77206916,-1.81941376,4.5,2.8,Estimated,Estimated using AADF from previous year on this link,44,34,9358,102,1750,99,28,12,9,5,3,156,11400
94212,2023,8,Yorkshire and The Humber,195,Bradford,A647,Major,Queensbury,A6177 Cross Lane,412000,430650,53.77206916,-1.81941376,4.5,2.8,Counted,Manual count,17,32,10980,111,1584,88,28,31,2,4,8,160,12867
94212,2024,8,Yorkshire and The Humber,195,Bradford,A647,Major,Queensbury,A6177 Cross Lane,412000,430650,53.77206916,-1.81941376,4.5,2.8,Estimated,Estimated using AADF from previous year on this link,17,33,11147,111,1613,89,28,30,2,4,7,161,13064
94212,2025,8,Yorkshire and The Humber,195,Bradford,A647,Major,Queensbury,A6177 Cross Lane,412000,430650,53.77206916,-1.81941376,4.5,2.8,Estimated,Estimated using AADF from previous year on this link,17,34,11160,109,1646,88,28,31,2,4,7,160,13108
94264,2022,8,Yorkshire and The Humber,195,Bradford,A629,Major,B6144,A6033,405216,437229,53.83131081,-1.92223474,1.4,0.9,Estimated,Estimated using AADF from previous year on this link,51,98,6956,75,1635,194,53,48,32,65,86,479,9243
94264,2023,8,Yorkshire and The Humber,195,Bradford,A629,Major,B6144,A6033,405216,437229,53.83131081,-1.92223474,1.4,0.9,Estimated,Estimated using AADF from previous year on this link,49,91,7128,74,1667,195,50,45,32,65,81,468,9429
94264,2024,8,Yorkshire and The Humber,195,Bradford,A629,Major,B6144,A6033,405216,437229,53.83131081,-1.92223474,1.4,0.9,Estimated,Estimated using AADF from previous year on this link,47,91,7214,74,1697,195,50,45,31,64,80,465,9541
94264,2025,8,Yorkshire and The Humber,195,Bradford,A629,Major,B6144,A6033,405216,437229,53.83131081,-1.92223474,1.4,0.9,Estimated,Estimated using AADF from previous year on this link,49,93,7291,73,1733,195,50,46,31,64,79,465,9656
94265,2022,8,Yorkshire and The Humber,195,Bradford,A650,Major,A650 split,A651,419500,430000,53.76600251,-1.70566358,1.7,1.1,Counted,Manual count,131,149,18944,123,3943,785,77,172,53,277,339,1703,24861
94265,2023,8,Yorkshire and The Humber,195,Bradford,A650,Major,A650 split,A651,419500,430000,53.76600251,-1.70566358,1.7,1.1,Estimated,Estimated using AADF from previous year on this link,129,147,19300,124,4009,775,76,170,54,270,326,1670,25250
94265,2024,8,Yorkshire and The Humber,195,Bradford,A650,Major,A650 split,A651,419500,430000,53.76600251,-1.70566358,1.7,1.1,Estimated,Estimated using AADF from previous year on this link,130,151,19592,124,4081,787,76,166,53,261,315,1658,25607
94265,2025,8,Yorkshire and The Humber,195,Bradford,A650,Major,A650 split,A651,419500,430000,53.76600251,-1.70566358,1.7,1.1,Estimated,Estimated using AADF from previous year on this link,131,154,19616,121,4165,779,76,170,53,255,309,1643,25699
94268,2022,8,Yorkshire and The Humber,195,Bradford,A6177,Major,A650,A647,418500,432000,53.78401426,-1.72071451,2.1,1.3,Estimated,Estimated using AADF from previous year on this link,39,63,14492,1,2678,386,125,92,23,52,366,1044,18278
94268,2023,8,Yorkshire and The Humber,195,Bradford,A6177,Major,A650,A647,418500,432000,53.78401426,-1.72071451,2.1,1.3,Estimated,Estimated using AADF from previous year on this link,38,62,14764,1,2723,381,123,91,23,51,352,1021,18572
94268,2024,8,Yorkshire and The Humber,195,Bradford,A6177,Major,A650,A647,418500,432000,53.78401426,-1.72071451,2.1,1.3,Estimated,Estimated using AADF from previous year on this link,38,64,14988,1,2772,387,123,89,23,49,341,1011,18836
94268,2025,8,Yorkshire and The Humber,195,Bradford,A6177,Major,A650,A647,418500,432000,53.78401426,-1.72071451,2.1,1.3,Estimated,Estimated using AADF from previous year on this link,38,65,15006,1,2829,383,124,91,23,48,334,1003,18904
96065,2024,8,Yorkshire and The Humber,195,Bradford,A644,Major,"Sun Side, Bradford","Keelham, Bradford",407334,432170,53.78581633,-1.89017223,0.7,0.4,Estimated,Estimated using AADF from previous year on this link,46,51,7628,38,1405,93,34,40,27,2,22,219,9340
96065,2025,8,Yorkshire and The Humber,195,Bradford,A644,Major,"Sun Side, Bradford","Keelham, Bradford",407334,432170,53.78581633,-1.89017223,0.7,0.4,Counted,Manual count,48,52,7709,37,1435,93,35,41,27,2,22,220,9453
97149,2025,8,Yorkshire and The Humber,195,Bradford,A647,Major,A6177,A647 Little Horton Lane,415707,432520,53.78877885,-1.76307606,2.1,1.3,Estimated,Estimated using AADF from previous year on this link,16,14,7199,35,807,42,7,6,0,1,4,60,8115
97423,2025,8,Yorkshire and The Humber,195,Bradford,A647,Major,A6177,LA Boundary,419130,433610,53.79846213,-1.71105443,2.1,1.3,Estimated,Estimated using AADF from previous year on this link,46,34,13594,368,1787,256,49,26,8,42,45,427,16210
99180,2000,8,Yorkshire and The Humber,195,Bradford,A650,Major,A651,A650(T),420810,429540,53.76181785,-1.68582179,1.2,0.7,Estimated,Estimated using AADF from previous year on this link,30,152,11385,141,1808,640,98,69,198,389,338,1732,15218
99180,2001,8,Yorkshire and The Humber,195,Bradford,A650,Major,A651,A650(T),420810,429540,53.76181785,-1.68582179,1.2,0.7,Estimated,Estimated using AADF from previous year on this link,29,160,11032,147,1821,610,110,68,161,308,350,1607,14767
99180,2002,8,Yorkshire and The Humber,195,Bradford,A650,Major,A651,A650(T),420810,429540,53.76181785,-1.68582179,1.2,0.7,Counted,Manual count,26,213,10243,137,2052,737,73,94,126,329,266,1625,14270
99180,2003,8,Yorkshire and The Humber,195,Bradford,A650,Major,A651,A650(T),420810,429540,53.76181785,-1.68582179,1.2,0.7,Estimated,Estimated using AADF from previous year on this link,24,303,9864,133,2228,714,75,100,121,293,295,1598,14126
99180,2004,8,Yorkshire and The Humber,195,Bradford,A650,Major,A651,A650(T),420810,429540,53.76181785,-1.68582179,1.2,0.7,Estimated,Estimated using AADF from previous year on this link,18,199,9993,109,2453,870,96,132,122,277,344,1841,14595
99180,2005,8,Yorkshire and The Humber,195,Bradford,A650,Major,A651,A650(T),420810,429540,53.76181785,-1.68582179,1.2,0.7,Estimated,Estimated using AADF from previous year on this link,16,164,9533,103,2616,942,101,152,100,223,336,1854,14270
99180,2006,8,Yorkshire and The Humber,195,Bradford,A650,Major,A651,A650(T),420810,429540,53.76181785,-1.68582179,1.2,0.7,Estimated,Estimated using AADF from previous year on this link,24,142,9351,96,2654,908,96,154,80,175,321,1734,13977
99180,2007,8,Yorkshire and The Humber,195,Bradford,A650,Major,A651,A650(T),420810,429540,53.76181785,-1.68582179,1.2,0.7,Estimated,Estimated using AADF from previous year on this link,16,137,9201,87,2795,844,89,158,64,154,303,1612,13832
99180,2008,8,Yorkshire and The Humber,195,Bradford,A650,Major,A651,A650(T),420810,429540,53.76181785,-1.68582179,1.2,0.7,Estimated,Estimated using AADF from previous year on this link,18,130,9000,76,2854,842,100,168,55,134,293,1592,13652
99180,2009,8,Yorkshire and The Humber,195,Bradford,A650,Major,A651,A650(T),420810,429540,53.76181785,-1.68582179,1.2,0.7,Estimated,Estimated using AADF from previous year on this link,18,145,9198,76,2896,766,99,158,51,116,284,1474,13789
99180,2010,8,Yorkshire and The Humber,195,Bradford,A650,Major,A651,A650(T),420810,429540,53.76181785,-1.68582179,1.2,0.7,Estimated,Estimated using AADF from previous year on this link,18,138,9143,86,3093,815,101,138,60,110,287,1511,13971
99180,2011,8,Yorkshire and The Humber,195,Bradford,A650,Major,A651,A650(T),420810,429540,53.76181785,-1.68582179,1.2,0.7,Counted,Manual count,39,133,10832,80,2579,488,95,118,90,247,221,1259,14883
99180,2012,8,Yorkshire and The Humber,195,Bradford,A650,Major,A651,A650(T),420810,429540,53.76181785,-1.68582179,1.2,0.7,Estimated,Estimated using AADF from previous year on this link,37,127,10663,87,2610,493,104,135,63,220,211,1225,14711
99180,2013,8,Yorkshire and The Humber,195,Bradford,A650,Major,A651,A650(T),420810,429540,53.76181785,-1.68582179,1.2,0.7,Estimated,Estimated using AADF from previous year on this link,36,142,10569,91,2712,497,113,153,47,209,214,1232,14746
99180,2014,8,Yorkshire and The Humber,195,Bradford,A650,Major,A651,A650(T),420810,429540,53.76181785,-1.68582179,1.2,0.7,Estimated,Estimated using AADF from previous year on this link,35,136,10856,88,2900,509,125,167,41,171,202,1216,15195
99180,2015,8,Yorkshire and The Humber,195,Bradford,A650,Major,A651,A650(T),420810,429540,53.76181785,-1.68582179,1.2,0.7,Estimated,Estimated using AADF from previous year on this link,33,120,11071,94,3042,483,128,159,49,164,195,1178,15504
99180,2016,8,Yorkshire and The Humber,195,Bradford,A650,Major,A651,A650(T),420810,429540,53.76181785,-1.68582179,1.2,0.7,Estimated,Estimated using AADF from previous year on this link,31,117,11243,87,3322,490,127,179,51,145,192,1184,15954
99180,2017,8,Yorkshire and The Humber,195,Bradford,A650,Major,A651,A650(T),420810,429540,53.76181785,-1.68582179,1.2,0.7,Estimated,Estimated using AADF from previous year on this link,29,118,11160,82,3497,487,129,184,53,145,199,1196,16054
99180,2018,8,Yorkshire and The Humber,195,Bradford,A650,Major,A651,A650(T),420810,429540,53.76181785,-1.68582179,1.2,0.7,Estimated,Estimated using AADF from previous year on this link,32,117,11038,74,3563,491,128,178,54,150,208,1210,16001
99180,2019,8,Yorkshire and The Humber,195,Bradford,A650,Major,A651,A650(T),420810,429540,53.76181785,-1.68582179,1.2,0.7,Counted,Manual count,90,150,9967,67,2291,354,65,137,62,281,188,1087,13562
99180,2020,8,Yorkshire and The Humber,195,Bradford,A650,Major,A651,A650(T),420810,429540,53.76181785,-1.68582179,1.2,0.7,Estimated,Estimated using AADF from previous year on this link,103,111,7571,42,2022,311,57,122,53,249,164,956,10702
99180,2021,8,Yorkshire and The Humber,195,Bradford,A650,Major,A651,A650(T),420810,429540,53.76181785,-1.68582179,1.2,0.7,Estimated,Estimated using AADF from previous year on this link,85,117,8341,44,2204,333,61,134,57,266,176,1026,11732
99180,2022,8,Yorkshire and The Humber,195,Bradford,A650,Major,A651,A650(T),420810,429540,53.76181785,-1.68582179,1.2,0.7,Estimated,Estimated using AADF from previous year on this link,76,128,8908,47,2390,345,63,142,59,272,179,1061,12534
99180,2023,8,Yorkshire and The Humber,195,Bradford,A650,Major,A651,A650(T),420810,429540,53.76181785,-1.68582179,1.2,0.7,Estimated,Estimated using AADF from previous year on this link,74,126,9076,47,2430,340,62,140,60,265,173,1040,12720
99180,2024,8,Yorkshire and The Humber,195,Bradford,A650,Major,A651,A650(T),420810,429540,53.76181785,-1.68582179,1.2,0.7,Estimated,Estimated using AADF from previous year on this link,75,130,9213,48,2474,346,62,137,59,257,167,1027,12892
99180,2025,8,Yorkshire and The Humber,195,Bradford,A650,Major,A651,A650(T),420810,429540,53.76181785,-1.68582179,1.2,0.7,Estimated,Estimated using AADF from previous year on this link,75,133,9225,47,2525,342,62,140,59,251,164,1018,12947
800190,2018,8,Yorkshire and The Humber,195,Bradford,B6381,Minor,,,418736,433706,53.79933917,-1.71703019,,,Counted,Manual count,87,57,12222,128,1126,95,19,16,1,7,7,145,13678
800190,2019,8,Yorkshire and The Humber,195,Bradford,B6381,Minor,,,418736,433706,53.79933917,-1.71703019,,,Estimated,Estimated using AADF from previous year on this link,107,54,12261,127,1140,95,19,16,1,6,7,145,13727
800190,2020,8,Yorkshire and The Humber,195,Bradford,B6381,Minor,,,418736,433706,53.79933917,-1.71703019,,,Counted,Manual count,99,16,12934,56,1036,133,16,5,7,8,10,178,14221
800190,2021,8,Yorkshire and The Humber,195,Bradford,B6381,Minor,,,418736,433706,53.79933917,-1.71703019,,,Counted,Manual count,76,32,12071,57,1077,145,17,11,4,9,9,196,13434
800190,2022,8,Yorkshire and The Humber,195,Bradford,B6381,Minor,,,418736,433706,53.79933917,-1.71703019,,,Counted,Manual count,83,59,13064,60,1024,145,23,17,6,2,16,210,14417
800190,2023,8,Yorkshire and The Humber,195,Bradford,B6381,Minor,,,418736,433706,53.79933917,-1.71703019,,,Counted,Manual count,9,24,12558,59,856,126,14,10,3,4,17,175,13670
800190,2024,8,Yorkshire and The Humber,195,Bradford,B6381,Minor,,,418736,433706,53.79933917,-1.71703019,,,Counted,Manual count,61,23,12029,57,971,64,15,21,1,4,4,110,13190
800190,2025,8,Yorkshire and The Humber,195,Bradford,B6381,Minor,,,418736,433706,53.79933917,-1.71703019,,,Estimated,Estimated using AADF from previous year on this link,61,24,12031,57,1004,63,15,22,1,4,4,109,13226
800327,2018,8,Yorkshire and The Humber,195,Bradford,C,Minor,,,413132,440593,53.86140853,-1.80181833,,,Counted,Manual count,14,45,5331,0,722,13,3,1,0,0,0,17,6115
800327,2019,8,Yorkshire and The Humber,195,Bradford,C,Minor,,,413132,440593,53.86140853,-1.80181833,,,Estimated,Estimated using AADF from previous year on this link,16,42,5346,0,717,13,3,1,0,0,0,17,6121
800327,2020,8,Yorkshire and The Humber,195,Bradford,C,Minor,,,413132,440593,53.86140853,-1.80181833,,,Counted,Manual count,47,36,3833,0,524,46,2,0,0,0,0,48,4441
800327,2021,8,Yorkshire and The Humber,195,Bradford,C,Minor,,,413132,440593,53.86140853,-1.80181833,,,Counted,Manual count,15,41,3994,0,640,61,1,0,1,0,0,63,4738
800327,2022,8,Yorkshire and The Humber,195,Bradford,C,Minor,,,413132,440593,53.86140853,-1.80181833,,,Counted,Manual count,21,31,4439,0,771,14,2,0,2,0,0,17,5259
800327,2023,8,Yorkshire and The Humber,195,Bradford,C,Minor,,,413132,440593,53.86140853,-1.80181833,,,Counted,Manual count,4,18,4997,0,581,27,2,3,2,0,0,33,5628
800327,2024,8,Yorkshire and The Humber,195,Bradford,C,Minor,,,413132,440593,53.86140853,-1.80181833,,,Counted,Manual count,0,18,4755,0,752,13,1,2,0,0,0,16,5541
800327,2025,8,Yorkshire and The Humber,195,Bradford,C,Minor,,,413132,440593,53.86140853,-1.80181833,,,Counted,Manual count,8,32,4717,0,718,8,4,0,0,0,0,13,5479
801237,2018,8,Yorkshire and The Humber,195,Bradford,C,Minor,,,414162,429853,53.76485214,-1.78664768,,,Counted,Manual count,57,28,9638,184,1290,19,18,5,0,1,0,42,11181
801237,2019,8,Yorkshire and The Humber,195,Bradford,C,Minor,,,414162,429853,53.76485214,-1.78664768,,,Estimated,Estimated using AADF from previous year on this link,66,26,9666,186,1279,18,18,4,0,1,0,41,11198
801399,2018,8,Yorkshire and The Humber,195,Bradford,U,Minor,,,408545,433625,53.79887543,-1.87175289,,,Counted,Manual count,9,0,266,0,53,9,0,0,0,0,0,9,328
801399,2019,8,Yorkshire and The Humber,195,Bradford,U,Minor,,,408545,433625,53.79887543,-1.87175289,,,Estimated,Estimated using AADF from previous year on this link,10,0,267,0,52,9,0,0,0,0,0,9,328
801400,2018,8,Yorkshire and The Humber,195,Bradford,U,Minor,,,407179,443899,53.89123703,-1.89225581,,,Counted,Manual count,30,17,423,0,115,5,0,0,0,0,0,5,560
801400,2019,8,Yorkshire and The Humber,195,Bradford,U,Minor,,,407179,443899,53.89123703,-1.89225581,,,Estimated,Estimated using AADF from previous year on this link,35,16,424,0,114,5,0,0,0,0,0,5,559
801400,2020,8,Yorkshire and The Humber,195,Bradford,U,Minor,,,407179,443899,53.89123703,-1.89225581,,,Counted,Manual count,18,10,369,0,89,4,0,0,0,0,0,4,472
801400,2021,8,Yorkshire and The Humber,195,Bradford,U,Minor,,,407179,443899,53.89123703,-1.89225581,,,Counted,Manual count,38,18,312,0,70,8,1,0,0,0,0,9,408
801400,2022,8,Yorkshire and The Humber,195,Bradford,U,Minor,,,407179,443899,53.89123703,-1.89225581,,,Counted,Manual count,38,16,329,0,61,3,0,0,0,0,0,3,408
801400,2023,8,Yorkshire and The Humber,195,Bradford,U,Minor,,,407179,443899,53.89123703,-1.89225581,,,Counted,Manual count,19,12,288,0,64,3,1,0,0,0,0,3,367
801400,2024,8,Yorkshire and The Humber,195,Bradford,U,Minor,,,407179,443899,53.89123703,-1.89225581,,,Counted,Manual count,13,16,359,0,83,5,0,0,2,0,0,7,464
801400,2025,8,Yorkshire and The Humber,195,Bradford,U,Minor,,,407179,443899,53.89123703,-1.89225581,,,Counted,Manual count,15,13,315,0,91,3,0,1,6,0,0,10,430
801401,2018,8,Yorkshire and The Humber,195,Bradford,U,Minor,,,418529,443995,53.89182167,-1.71955599,,,Counted,Manual count,35,27,3874,0,660,9,0,1,0,0,0,9,4572
801401,2019,8,Yorkshire and The Humber,195,Bradford,U,Minor,,,418529,443995,53.89182167,-1.71955599,,,Estimated,Estimated using AADF from previous year on this link,40,26,3886,0,655,8,0,1,0,0,0,9,4575
801401,2020,8,Yorkshire and The Humber,195,Bradford,U,Minor,,,418529,443995,53.89182167,-1.71955599,,,Counted,Manual count,32,10,3144,0,519,31,0,0,3,0,0,34,3707
801401,2021,8,Yorkshire and The Humber,195,Bradford,U,Minor,,,418529,443995,53.89182167,-1.71955599,,,Counted,Manual count,37,20,3566,0,548,32,0,0,0,0,0,32,4166
801401,2022,8,Yorkshire and The Humber,195,Bradford,U,Minor,,,418529,443995,53.89182167,-1.71955599,,,Counted,Manual count,35,21,4136,0,603,29,0,0,2,1,2,34,4794
801401,2023,8,Yorkshire and The Humber,195,Bradford,U,Minor,,,418529,443995,53.89182167,-1.71955599,,,Counted,Manual count,39,23,4299,3,709,16,1,0,0,0,0,17,5050
801401,2024,8,Yorkshire and The Humber,195,Bradford,U,Minor,,,418529,443995,53.89182167,-1.71955599,,,Counted,Manual count,19,29,4259,0,736,14,0,2,1,0,0,17,5040
801401,2025,8,Yorkshire and The Humber,195,Bradford,U,Minor,,,418529,443995,53.89182167,-1.71955599,,,Counted,Manual count,29,24,4045,0,579,15,2,0,2,0,0,19,4666
803035,2018,8,Yorkshire and The Humber,195,Bradford,U,Minor,,,415000,426709,53.73657084,-1.77408719,,,Counted,Manual count,7,11,2185,3,230,8,0,0,0,0,0,8,2437
803035,2019,8,Yorkshire and The Humber,195,Bradford,U,Minor,,,415000,426709,53.73657084,-1.77408719,,,Estimated,Estimated using AADF from previous year on this link,8,11,2191,3,228,8,0,0,0,0,0,8,2440
803036,2018,8,Yorkshire and The Humber,195,Bradford,U,Minor,,,413564,431295,53.77782838,-1.79565633,,,Counted,Manual count,10,20,6440,51,807,19,7,0,0,0,0,26,7344
803036,2019,8,Yorkshire and The Humber,195,Bradford,U,Minor,,,413564,431295,53.77782838,-1.79565633,,,Estimated,Estimated using AADF from previous year on this link,12,19,6459,51,800,19,7,0,0,0,0,26,7355
803037,2018,8,Yorkshire and The Humber,195,Bradford,U,Minor,,,418442,432010,53.78410618,-1.72159415,,,Counted,Manual count,33,16,4076,3,839,69,8,27,0,2,2,108,5043
803037,2019,8,Yorkshire and The Humber,195,Bradford,U,Minor,,,418442,432010,53.78410618,-1.72159415,,,Estimated,Estimated using AADF from previous year on this link,38,15,4088,3,832,66,8,24,0,2,2,102,5041
803038,2018,8,Yorkshire and The Humber,195,Bradford,U,Minor,,,418770,433931,53.80136021,-1.71650043,,,Counted,Manual count,18,11,1356,12,98,6,1,0,0,0,0,7,1484
803038,2019,8,Yorkshire and The Humber,195,Bradford,U,Minor,,,418770,433931,53.80136021,-1.71650043,,,Estimated,Estimated using AADF from previous year on this link,21,10,1360,12,97,6,1,0,0,0,0,7,1486
803039,2018,8,Yorkshire and The Humber,195,Bradford,U,Minor,,,418096,437589,53.83426132,-1.72652027,,,Counted,Manual count,26,53,9375,117,1018,50,8,22,4,6,4,94,10657
803039,2019,8,Yorkshire and The Humber,195,Bradford,U,Minor,,,418096,437589,53.83426132,-1.72652027,,,Estimated,Estimated using AADF from previous year on this link,30,50,9402,119,1009,47,8,20,4,6,4,90,10670
803040,2018,8,Yorkshire and The Humber,195,Bradford,U,Minor,,,413771,429815,53.76452097,-1.79258068,,,Counted,Manual count,19,18,3890,155,653,17,7,1,0,0,0,25,4741
803040,2019,8,Yorkshire and The Humber,195,Bradford,U,Minor,,,413771,429815,53.76452097,-1.79258068,,,Estimated,Estimated using AADF from previous year on this link,22,17,3901,157,648,16,7,1,0,0,0,24,4747
803041,2018,8,Yorkshire and The Humber,195,Bradford,U,Minor,,,418722,436600,53.82535041,-1.71706842,,,Counted,Manual count,5,11,3597,1,487,11,4,1,0,0,0,15,4111
803041,2019,8,Yorkshire and The Humber,195,Bradford,U,Minor,,,418722,436600,53.82535041,-1.71706842,,,Estimated,Estimated using AADF from previous year on this link,6,10,3608,1,483,10,4,1,0,0,0,14,4116
803041,2020,8,Yorkshire and The Humber,195,Bradford,U,Minor,,,418722,436600,53.82535041,-1.71706842,,,Counted,Manual count,17,22,2847,0,323,33,0,0,1,0,0,34,3226
803041,2021,8,Yorkshire and The Humber,195,Bradford,U,Minor,,,418722,436600,53.82535041,-1.71706842,,,Counted,Manual count,11,21,2791,0,347,16,1,2,3,2,0,22,3181
803041,2022,8,Yorkshire and The Humber,195,Bradford,U,Minor,,,418722,436600,53.82535041,-1.71706842,,,Counted,Manual count,18,7,2973,1,286,33,0,0,1,1,0,35,3301
803041,2023,8,Yorkshire and The Humber,195,Bradford,U,Minor,,,418722,436600,53.82535041,-1.71706842,,,Counted,Manual count,8,12,3956,2,498,11,0,2,0,0,0,12,4480
803041,2024,8,Yorkshire and The Humber,195,Bradford,U,Minor,,,418722,436600,53.82535041,-1.71706842,,,Counted,Manual count,18,14,3722,4,426,13,1,1,0,0,1,16,4181
803041,2025,8,Yorkshire and The Humber,195,Bradford,U,Minor,,,418722,436600,53.82535041,-1.71706842,,,Counted,Manual count,24,1,4024,3,487,20,1,1,0,0,0,22,4538
803042,2018,8,Yorkshire and The Humber,195,Bradford,U,Minor,,,414472,428810,53.75546929,-1.78199386,,,Counted,Manual count,7,16,3242,53,463,11,7,0,0,1,0,18,3793
803042,2019,8,Yorkshire and The Humber,195,Bradford,U,Minor,,,414472,428810,53.75546929,-1.78199386,,,Estimated,Estimated using AADF from previous year on this link,8,15,3252,54,459,10,7,0,0,1,0,18,3798
803042,2020,8,Yorkshire and The Humber,195,Bradford,U,Minor,,,414472,428810,53.75546929,-1.78199386,,,Counted,Manual count,47,12,2621,28,351,17,4,2,1,0,0,24,3036
803042,2021,8,Yorkshire and The Humber,195,Bradford,U,Minor,,,414472,428810,53.75546929,-1.78199386,,,Counted,Manual count,60,13,3009,25,449,27,7,0,0,1,0,35,3531
803042,2022,8,Yorkshire and The Humber,195,Bradford,U,Minor,,,414472,428810,53.75546929,-1.78199386,,,Counted,Manual count,24,16,3228,25,459,20,6,0,0,0,0,25,3754
803042,2023,8,Yorkshire and The Humber,195,Bradford,U,Minor,,,414472,428810,53.75546929,-1.78199386,,,Counted,Manual count,63,26,3186,23,488,14,4,0,3,0,0,20,3744
803042,2024,8,Yorkshire and The Humber,195,Bradford,U,Minor,,,414472,428810,53.75546929,-1.78199386,,,Counted,Manual count,38,22,3271,25,420,7,3,3,0,0,0,13,3750
803042,2025,8,Yorkshire and The Humber,195,Bradford,U,Minor,,,414472,428810,53.75546929,-1.78199386,,,Counted,Manual count,50,14,3709,25,482,4,3,4,8,2,0,20,4250
803043,2018,8,Yorkshire and The Humber,195,Bradford,U,Minor,,,416124,431313,53.77791789,-1.75680929,,,Counted,Manual count,43,8,974,1,93,3,2,0,0,0,0,5,1080
803043,2019,8,Yorkshire and The Humber,195,Bradford,U,Minor,,,416124,431313,53.77791789,-1.75680929,,,Estimated,Estimated using AADF from previous year on this link,50,7,977,1,92,3,2,0,0,0,0,4,1081
803044,2018,8,Yorkshire and The Humber,195,Bradford,U,Minor,,,416929,430876,53.77396489,-1.7446178,,,Counted,Manual count,18,8,705,39,92,1,0,0,0,0,0,1,845
803044,2019,8,Yorkshire and The Humber,195,Bradford,U,Minor,,,416929,430876,53.77396489,-1.7446178,,,Estimated,Estimated using AADF from previous year on this link,21,7,707,40,91,1,0,0,0,0,0,1,846
803044,2020,8,Yorkshire and The Humber,195,Bradford,U,Minor,,,416929,430876,53.77396489,-1.7446178,,,Counted,Manual count,37,3,632,47,62,7,1,0,0,0,0,8,752
803044,2021,8,Yorkshire and The Humber,195,Bradford,U,Minor,,,416929,430876,53.77396489,-1.7446178,,,Counted,Manual count,13,0,678,21,83,1,0,0,0,0,0,1,783
803044,2022,8,Yorkshire and The Humber,195,Bradford,U,Minor,,,416929,430876,53.77396489,-1.7446178,,,Counted,Manual count,30,0,768,26,81,6,2,0,0,0,0,8,883
803044,2023,8,Yorkshire and The Humber,195,Bradford,U,Minor,,,416929,430876,53.77396489,-1.7446178,,,Counted,Manual count,19,0,842,23,86,4,0,0,0,0,0,4,955
803044,2024,8,Yorkshire and The Humber,195,Bradford,U,Minor,,,416929,430876,53.77396489,-1.7446178,,,Counted,Manual count,12,0,811,23,62,3,0,0,0,0,0,3,899
803044,2025,8,Yorkshire and The Humber,195,Bradford,U,Minor,,,416929,430876,53.77396489,-1.7446178,,,Counted,Manual count,15,4,975,19,59,2,1,0,0,0,0,3,1060
803045,2018,8,Yorkshire and The Humber,195,Bradford,U,Minor,,,404572,440572,53.86136314,-1.93197127,,,Counted,Manual count,6,3,1104,22,176,5,2,1,0,0,0,7,1313
803045,2019,8,Yorkshire and The Humber,195,Bradford,U,Minor,,,404572,440572,53.86136314,-1.93197127,,,Estimated,Estimated using AADF from previous year on this link,6,3,1107,22,175,4,2,1,0,0,0,7,1315
803045,2020,8,Yorkshire and The Humber,195,Bradford,U,Minor,,,404572,440572,53.86136314,-1.93197127,,,Counted,Manual count,6,0,824,18,152,8,3,0,0,0,0,11,1005
803045,2021,8,Yorkshire and The Humber,195,Bradford,U,Minor,,,404572,440572,53.86136314,-1.93197127,,,Counted,Manual count,7,6,1011,12,135,14,3,0,0,0,0,17,1180
803045,2022,8,Yorkshire and The Humber,195,Bradford,U,Minor,,,404572,440572,53.86136314,-1.93197127,,,Counted,Manual count,2,4,1051,23,144,14,3,0,0,0,0,16,1239
803045,2023,8,Yorkshire and The Humber,195,Bradford,U,Minor,,,404572,440572,53.86136314,-1.93197127,,,Counted,Manual count,1,1,1002,18,165,10,2,0,0,0,0,12,1198
803045,2024,8,Yorkshire and The Humber,195,Bradford,U,Minor,,,404572,440572,53.86136314,-1.93197127,,,Counted,Manual count,7,1,942,20,124,3,0,0,0,0,0,3,1091
803045,2025,8,Yorkshire and The Humber,195,Bradford,U,Minor,,,404572,440572,53.86136314,-1.93197127,,,Counted,Manual count,4,0,996,21,144,3,0,0,0,0,0,3,1163
803046,2018,8,Yorkshire and The Humber,195,Bradford,U,Minor,,,405086,441511,53.86979817,-1.92414079,,,Counted,Manual count,1,3,1815,43,156,13,2,0,0,1,0,15,2033
803046,2019,8,Yorkshire and The Humber,195,Bradford,U,Minor,,,405086,441511,53.86979817,-1.92414079,,,Estimated,Estimated using AADF from previous year on this link,1,3,1820,44,155,12,2,0,0,1,0,15,2036
803047,2018,8,Yorkshire and The Humber,195,Bradford,U,Minor,,,414625,434936,53.81052475,-1.77938553,,,Counted,Manual count,7,15,6980,31,485,32,11,9,0,2,0,53,7565
803047,2019,8,Yorkshire and The Humber,195,Bradford,U,Minor,,,414625,434936,53.81052475,-1.77938553,,,Estimated,Estimated using AADF from previous year on this link,8,14,7001,32,481,30,11,8,0,2,0,51,7578
803047,2020,8,Yorkshire and The Humber,195,Bradford,U,Minor,,,414625,434936,53.81052475,-1.77938553,,,Counted,Manual count,10,5,4278,6,374,47,6,0,2,2,0,57,4721
803047,2021,8,Yorkshire and The Humber,195,Bradford,U,Minor,,,414625,434936,53.81052475,-1.77938553,,,Counted,Manual count,22,6,4478,15,372,36,4,3,1,3,2,49,4920
803047,2022,8,Yorkshire and The Humber,195,Bradford,U,Minor,,,414625,434936,53.81052475,-1.77938553,,,Counted,Manual count,33,4,6368,18,356,37,3,0,1,0,2,43,6790
803047,2023,8,Yorkshire and The Humber,195,Bradford,U,Minor,,,414625,434936,53.81052475,-1.77938553,,,Counted,Manual count,10,6,6960,14,396,16,5,1,1,1,1,25,7401
803047,2024,8,Yorkshire and The Humber,195,Bradford,U,Minor,,,414625,434936,53.81052475,-1.77938553,,,Estimated,Estimated using AADF from previous year on this link,10,6,7038,14,405,16,5,1,1,1,1,25,7489
803047,2025,8,Yorkshire and The Humber,195,Bradford,U,Minor,,,414625,434936,53.81052475,-1.77938553,,,Counted,Manual count,40,4,7139,14,430,13,8,1,1,1,3,26,7614
803048,2018,8,Yorkshire and The Humber,195,Bradford,U,Minor,,,415082,436940,53.82852364,-1.77234771,,,Counted,Manual count,10,16,910,45,118,2,2,0,0,0,0,4,1092
803048,2019,8,Yorkshire and The Humber,195,Bradford,U,Minor,,,415082,436940,53.82852364,-1.77234771,,,Estimated,Estimated using AADF from previous year on this link,12,14,913,45,117,2,2,0,0,0,0,3,1093
803049,2018,8,Yorkshire and The Humber,195,Bradford,U,Minor,,,417586,436343,53.82307986,-1.73434026,,,Counted,Manual count,27,10,1959,0,263,5,0,0,0,0,0,5,2238
803049,2019,8,Yorkshire and The Humber,195,Bradford,U,Minor,,,417586,436343,53.82307986,-1.73434026,,,Estimated,Estimated using AADF from previous year on this link,31,9,1965,0,261,5,0,0,0,0,0,5,2241
803050,2018,8,Yorkshire and The Humber,195,Bradford,U,Minor,,,409691,441864,53.87290645,-1.85409827,,,Counted,Manual count,37,18,2734,30,410,15,8,4,0,0,0,27,3218
803050,2019,8,Yorkshire and The Humber,195,Bradford,U,Minor,,,409691,441864,53.87290645,-1.85409827,,,Estimated,Estimated using AADF from previous year on this link,43,17,2742,30,406,14,9,3,0,0,0,26,3221
803052,2018,8,Yorkshire and The Humber,195,Bradford,U,Minor,,,417659,443449,53.88694437,-1.73282417,,,Counted,Manual count,8,0,1147,1,192,11,1,4,0,0,0,16,1356
803052,2019,8,Yorkshire and The Humber,195,Bradford,U,Minor,,,417659,443449,53.88694437,-1.73282417,,,Estimated,Estimated using AADF from previous year on this link,9,0,1150,1,190,11,1,3,0,0,0,15,1357
803052,2020,8,Yorkshire and The Humber,195,Bradford,U,Minor,,,417659,443449,53.88694437,-1.73282417,,,Counted,Manual count,59,4,1232,0,258,15,4,9,1,0,0,29,1523
803052,2021,8,Yorkshire and The Humber,195,Bradford,U,Minor,,,417659,443449,53.88694437,-1.73282417,,,Counted,Manual count,21,12,1512,0,289,9,1,1,0,0,0,11,1823
803052,2022,8,Yorkshire and The Humber,195,Bradford,U,Minor,,,417659,443449,53.88694437,-1.73282417,,,Counted,Manual count,11,4,1490,0,309,5,2,3,0,0,0,9,1813
803052,2023,8,Yorkshire and The Humber,195,Bradford,U,Minor,,,417659,443449,53.88694437,-1.73282417,,,Counted,Manual count,7,5,1458,0,252,5,1,0,0,1,0,7,1722
803052,2024,8,Yorkshire and The Humber,195,Bradford,U,Minor,,,417659,443449,53.88694437,-1.73282417,,,Counted,Manual count,20,7,1613,0,283,4,0,6,0,0,0,9,1912
803052,2025,8,Yorkshire and The Humber,195,Bradford,U,Minor,,,417659,443449,53.88694437,-1.73282417,,,Counted,Manual count,7,2,1648,0,316,5,1,4,0,0,0,10,1977
803053,2018,8,Yorkshire and The Humber,195,Bradford,U,Minor,,,411688,447531,53.92379968,-1.82351193,,,Counted,Manual count,5,0,83,0,12,0,0,0,0,0,0,0,96
803053,2019,8,Yorkshire and The Humber,195,Bradford,U,Minor,,,411688,447531,53.92379968,-1.82351193,,,Estimated,Estimated using AADF from previous year on this link,6,0,84,0,12,0,0,0,0,0,0,0,96
803054,2018,8,Yorkshire and The Humber,195,Bradford,U,Minor,,,418829,430283,53.76857048,-1.7158255,,,Counted,Manual count,7,12,1288,0,291,18,4,1,0,1,0,24,1615
803054,2019,8,Yorkshire and The Humber,195,Bradford,U,Minor,,,418829,430283,53.76857048,-1.7158255,,,Estimated,Estimated using AADF from previous year on this link,8,11,1292,0,288,17,4,1,0,1,0,23,1614
803055,2018,8,Yorkshire and The Humber,195,Bradford,U,Minor,,,415700,431990,53.78401549,-1.76320902,,,Counted,Manual count,23,42,14389,318,1222,42,22,8,1,2,0,75,16046
803055,2019,8,Yorkshire and The Humber,195,Bradford,U,Minor,,,415700,431990,53.78401549,-1.76320902,,,Estimated,Estimated using AADF from previous year on this link,27,39,14431,322,1212,40,22,8,1,2,0,72,16077
803056,2018,8,Yorkshire and The Humber,195,Bradford,U,Minor,,,416836,431058,53.77560367,-1.74601902,,,Counted,Manual count,6,14,2976,3,454,26,6,7,1,1,9,52,3498
803056,2019,8,Yorkshire and The Humber,195,Bradford,U,Minor,,,416836,431058,53.77560367,-1.74601902,,,Estimated,Estimated using AADF from previous year on this link,6,13,2985,3,450,25,6,7,1,1,9,50,3500
803056,2020,8,Yorkshire and The Humber,195,Bradford,U,Minor,,,416836,431058,53.77560367,-1.74601902,,,Counted,Manual count,11,7,2361,0,378,36,2,2,0,0,4,44,2791
803056,2021,8,Yorkshire and The Humber,195,Bradford,U,Minor,,,416836,431058,53.77560367,-1.74601902,,,Counted,Manual count,13,10,2599,4,522,20,7,4,0,4,7,42,3176
803056,2022,8,Yorkshire and The Humber,195,Bradford,U,Minor,,,416836,431058,53.77560367,-1.74601902,,,Counted,Manual count,8,14,2654,10,420,57,7,4,0,6,3,76,3174
803056,2023,8,Yorkshire and The Humber,195,Bradford,U,Minor,,,416836,431058,53.77560367,-1.74601902,,,Counted,Manual count,11,13,3143,7,436,30,9,2,0,3,3,47,3646
803056,2024,8,Yorkshire and The Humber,195,Bradford,U,Minor,,,416836,431058,53.77560367,-1.74601902,,,Counted,Manual count,5,4,3309,5,575,27,4,3,0,2,5,40,3933
803056,2025,8,Yorkshire and The Humber,195,Bradford,U,Minor,,,416836,431058,53.77560367,-1.74601902,,,Counted,Manual count,16,8,3614,2,514,23,9,7,0,1,5,45,4183
803057,2018,8,Yorkshire and The Humber,195,Bradford,U,Minor,,,417763,435269,53.81342097,-1.73171295,,,Counted,Manual count,24,29,3093,34,325,24,3,4,1,1,0,33,3513
803057,2019,8,Yorkshire and The Humber,195,Bradford,U,Minor,,,417763,435269,53.81342097,-1.73171295,,,Estimated,Estimated using AADF from previous year on this link,27,27,3102,35,322,23,3,3,1,1,0,31,3517
803057,2020,8,Yorkshire and The Humber,195,Bradford,U,Minor,,,417763,435269,53.81342097,-1.73171295,,,Counted,Manual count,49,13,3044,0,372,29,0,2,2,0,3,37,3465
803057,2021,8,Yorkshire and The Humber,195,Bradford,U,Minor,,,417763,435269,53.81342097,-1.73171295,,,Counted,Manual count,23,8,3030,27,377,24,1,3,0,0,0,27,3469
803057,2022,8,Yorkshire and The Humber,195,Bradford,U,Minor,,,417763,435269,53.81342097,-1.73171295,,,Counted,Manual count,43,27,3211,26,298,10,2,6,0,0,5,24,3585
803057,2023,8,Yorkshire and The Humber,195,Bradford,U,Minor,,,417763,435269,53.81342097,-1.73171295,,,Counted,Manual count,19,21,3139,25,299,16,0,5,1,1,0,22,3507
803057,2024,8,Yorkshire and The Humber,195,Bradford,U,Minor,,,417763,435269,53.81342097,-1.73171295,,,Counted,Manual count,35,9,3120,39,281,6,0,3,1,1,2,12,3462
803057,2025,8,Yorkshire and The Humber,195,Bradford,U,Minor,,,417763,435269,53.81342097,-1.73171295,,,Counted,Manual count,34,9,3056,38,285,9,1,0,0,2,1,13,3400
803058,2018,8,Yorkshire and The Humber,195,Bradford,U,Minor,,,415180,432029,53.7843813,-1.77109889,,,Counted,Manual count,26,27,8938,60,841,46,12,2,0,2,1,62,9928
803058,2019,8,Yorkshire and The Humber,195,Bradford,U,Minor,,,415180,432029,53.7843813,-1.77109889,,,Estimated,Estimated using AADF from previous year on this link,30,25,8964,61,834,44,12,2,0,2,1,60,9944
803058,2020,8,Yorkshire and The Humber,195,Bradford,U,Minor,,,415180,432029,53.7843813,-1.77109889,,,Counted,Manual count,28,5,7756,49,661,54,18,3,4,2,1,82,8552
803058,2021,8,Yorkshire and The Humber,195,Bradford,U,Minor,,,415180,432029,53.7843813,-1.77109889,,,Counted,Manual count,44,18,7973,97,616,52,11,5,3,0,0,71,8776
803058,2022,8,Yorkshire and The Humber,195,Bradford,U,Minor,,,415180,432029,53.7843813,-1.77109889,,,Counted,Manual count,28,19,9214,32,843,43,21,6,0,3,0,73,10182
803058,2023,8,Yorkshire and The Humber,195,Bradford,U,Minor,,,415180,432029,53.7843813,-1.77109889,,,Counted,Manual count,12,34,9381,33,634,53,12,3,3,1,2,73,10156
803058,2024,8,Yorkshire and The Humber,195,Bradford,U,Minor,,,415180,432029,53.7843813,-1.77109889,,,Counted,Manual count,28,25,10404,18,1066,44,17,5,0,0,0,65,11578
803058,2025,8,Yorkshire and The Humber,195,Bradford,U,Minor,,,415180,432029,53.7843813,-1.77109889,,,Counted,Manual count,26,17,11298,10,981,28,8,3,1,2,1,42,12349
806032,2018,8,Yorkshire and The Humber,195,Bradford,U,Minor,,,408256,449531,53.9418403,-1.8757192,,,Counted,Manual count,37,4,2273,55,327,10,2,0,0,0,0,12,2671
806032,2019,8,Yorkshire and The Humber,195,Bradford,U,Minor,,,408256,449531,53.9418403,-1.8757192,,,Estimated,Estimated using AADF from previous year on this link,43,4,2280,56,324,10,2,0,0,0,0,12,2675
806032,2020,8,Yorkshire and The Humber,195,Bradford,U,Minor,,,408256,449531,53.9418403,-1.8757192,,,Counted,Manual count,51,13,1882,65,249,23,1,0,3,0,0,27,2235
806032,2021,8,Yorkshire and The Humber,195,Bradford,U,Minor,,,408256,449531,53.9418403,-1.8757192,,,Counted,Manual count,61,18,2240,64,344,33,4,0,2,0,0,38,2704
806032,2022,8,Yorkshire and The Humber,195,Bradford,U,Minor,,,408256,449531,53.9418403,-1.8757192,,,Counted,Manual count,65,18,2147,75,304,27,0,0,1,2,0,31,2574
806032,2023,8,Yorkshire and The Humber,195,Bradford,U,Minor,,,408256,449531,53.9418403,-1.8757192,,,Counted,Manual count,46,6,2338,61,226,36,2,0,1,0,0,39,2670
806032,2024,8,Yorkshire and The Humber,195,Bradford,U,Minor,,,408256,449531,53.9418403,-1.8757192,,,Counted,Manual count,33,2,2214,71,325,6,2,1,0,0,0,9,2621
806032,2025,8,Yorkshire and The Humber,195,Bradford,U,Minor,,,408256,449531,53.9418403,-1.8757192,,,Counted,Manual count,57,7,2154,69,317,5,1,2,0,0,0,8,2555
806547,2019,8,Yorkshire and The Humber,195,Bradford,U,Minor,,,417431,443850,53.89055617,-1.73627035,,,Counted,Manual count,14,2,850,91,110,6,0,0,0,1,0,7,1059
806641,2019,8,Yorkshire and The Humber,195,Bradford,U,Minor,,,417888,440556,53.860935,-1.72950807,,,Counted,Manual count,18,3,1015,8,165,9,1,2,7,10,11,39,1230
806704,2019,8,Yorkshire and The Humber,195,Bradford,U,Minor,,,407561,440943,53.86466368,-1.88651526,,,Counted,Manual count,0,0,281,0,46,0,0,0,0,0,0,0,328
806704,2020,8,Yorkshire and The Humber,195,Bradford,U,Minor,,,407561,440943,53.86466368,-1.88651526,,,Counted,Manual count,2,0,193,0,46,5,0,0,0,0,0,5,244
806704,2021,8,Yorkshire and The Humber,195,Bradford,U,Minor,,,407561,440943,53.86466368,-1.88651526,,,Counted,Manual count,8,0,219,0,43,4,0,0,0,0,0,4,266
806704,2022,8,Yorkshire and The Humber,195,Bradford,U,Minor,,,407561,440943,53.86466368,-1.88651526,,,Counted,Manual count,2,1,264,0,58,5,0,0,0,0,0,5,328
806704,2023,8,Yorkshire and The Humber,195,Bradford,U,Minor,,,407561,440943,53.86466368,-1.88651526,,,Counted,Manual count,1,0,236,0,27,4,0,0,0,0,0,4,267
806704,2024,8,Yorkshire and The Humber,195,Bradford,U,Minor,,,407561,440943,53.86466368,-1.88651526,,,Counted,Manual count,4,0,189,0,38,0,0,0,0,0,0,0,228
806704,2025,8,Yorkshire and The Humber,195,Bradford,U,Minor,,,407561,440943,53.86466368,-1.88651526,,,Counted,Manual count,1,0,248,0,37,0,0,0,0,0,0,0,285
806749,2019,8,Yorkshire and The Humber,195,Bradford,U,Minor,,,410391,441421,53.86891158,-1.84346695,,,Counted,Manual count,12,4,332,0,70,2,0,0,2,0,0,3,409
806823,2019,8,Yorkshire and The Humber,195,Bradford,B6429,Minor,,,410493,439337,53.85017904,-1.8419857,,,Counted,Manual count,77,54,9773,85,1087,49,22,8,8,1,4,91,11090
807229,2019,8,Yorkshire and The Humber,195,Bradford,B6145,Minor,,,415815,433070,53.79371894,-1.7614089,,,Counted,Manual count,86,65,13218,266,2059,149,34,58,1,75,36,353,15961
807229,2020,8,Yorkshire and The Humber,195,Bradford,B6145,Minor,,,415815,433070,53.79371894,-1.7614089,,,Counted,Manual count,87,17,9450,390,1695,347,24,33,10,49,75,537,12089
807229,2021,8,Yorkshire and The Humber,195,Bradford,B6145,Minor,,,415815,433070,53.79371894,-1.7614089,,,Counted,Manual count,102,41,11438,239,1927,321,36,40,15,62,78,551,14196
807229,2022,8,Yorkshire and The Humber,195,Bradford,B6145,Minor,,,415815,433070,53.79371894,-1.7614089,,,Counted,Manual count,105,15,13129,194,1747,274,65,81,10,12,98,540,15625
807229,2023,8,Yorkshire and The Humber,195,Bradford,B6145,Minor,,,415815,433070,53.79371894,-1.7614089,,,Counted,Manual count,126,33,12622,162,1968,229,47,36,6,36,68,422,15208
807229,2024,8,Yorkshire and The Humber,195,Bradford,B6145,Minor,,,415815,433070,53.79371894,-1.7614089,,,Estimated,Estimated using AADF from previous year on this link,127,33,12745,170,2020,231,46,37,6,35,69,424,15392
807229,2025,8,Yorkshire and The Humber,195,Bradford,B6145,Minor,,,415815,433070,53.79371894,-1.7614089,,,Estimated,Estimated using AADF from previous year on this link,128,34,12747,172,2089,227,46,38,6,35,65,417,15459
807298,2019,8,Yorkshire and The Humber,195,Bradford,B6381,Minor,,,417438,433437,53.79696614,-1.73675138,,,Counted,Manual count,67,22,15204,143,1483,106,9,8,0,5,5,134,16986
807362,2019,8,Yorkshire and The Humber,195,Bradford,U,Minor,,,417488,429137,53.75831675,-1.73623446,,,Counted,Manual count,4,18,3954,7,748,27,4,0,1,0,0,32,4759
807362,2020,8,Yorkshire and The Humber,195,Bradford,U,Minor,,,417488,429137,53.75831675,-1.73623446,,,Counted,Manual count,18,14,3487,30,572,51,1,0,0,0,1,53,4156
807362,2021,8,Yorkshire and The Humber,195,Bradford,U,Minor,,,417488,429137,53.75831675,-1.73623446,,,Counted,Manual count,19,19,3019,12,653,46,1,1,0,0,0,47,3750
807362,2022,8,Yorkshire and The Humber,195,Bradford,U,Minor,,,417488,429137,53.75831675,-1.73623446,,,Counted,Manual count,4,25,3567,11,704,40,0,0,2,0,1,43,4351
807362,2023,8,Yorkshire and The Humber,195,Bradford,U,Minor,,,417488,429137,53.75831675,-1.73623446,,,Counted,Manual count,10,14,3261,10,807,61,3,0,1,0,0,65,4157
807362,2024,8,Yorkshire and The Humber,195,Bradford,U,Minor,,,417488,429137,53.75831675,-1.73623446,,,Counted,Manual count,11,27,3534,10,852,22,2,3,0,0,0,26,4450
807362,2025,8,Yorkshire and The Humber,195,Bradford,U,Minor,,,417488,429137,53.75831675,-1.73623446,,,Counted,Manual count,8,8,3725,0,775,20,2,2,0,1,2,26,4533
807429,2019,8,Yorkshire and The Humber,195,Bradford,U,Minor,,,407803,449582,53.94230558,-1.8826189,,,Counted,Manual count,1,0,135,0,36,0,0,0,0,0,0,0,171
807437,2019,8,Yorkshire and The Humber,195,Bradford,C,Minor,,,414344,430422,53.76996131,-1.7838606,,,Counted,Manual count,21,34,6983,45,977,42,5,0,0,0,0,47,8085
807437,2020,8,Yorkshire and The Humber,195,Bradford,C,Minor,,,414344,430422,53.76996131,-1.7838606,,,Counted,Manual count,76,18,6949,6,798,73,3,2,3,1,0,82,7854
807437,2021,8,Yorkshire and The Humber,195,Bradford,C,Minor,,,414344,430422,53.76996131,-1.7838606,,,Counted,Manual count,14,28,6607,37,932,14,2,1,1,0,1,19,7624
807437,2022,8,Yorkshire and The Humber,195,Bradford,C,Minor,,,414344,430422,53.76996131,-1.7838606,,,Counted,Manual count,11,19,7273,35,840,32,4,4,0,1,0,39,8207
807437,2023,8,Yorkshire and The Humber,195,Bradford,C,Minor,,,414344,430422,53.76996131,-1.7838606,,,Counted,Manual count,23,14,7702,35,754,69,3,1,0,2,2,76,8581
807437,2024,8,Yorkshire and The Humber,195,Bradford,C,Minor,,,414344,430422,53.76996131,-1.7838606,,,Counted,Manual count,26,14,7100,33,933,25,3,2,2,2,1,33,8113
807437,2025,8,Yorkshire and The Humber,195,Bradford,C,Minor,,,414344,430422,53.76996131,-1.7838606,,,Counted,Manual count,16,9,7492,40,843,18,5,4,0,0,0,26,8411
807619,2019,8,Yorkshire and The Humber,195,Bradford,C,Minor,,,400254,437129,53.83043711,-1.99762625,,,Counted,Manual count,7,4,1655,5,341,12,0,2,0,0,1,14,2020
807659,2019,8,Yorkshire and The Humber,195,Bradford,U,Minor,,,405509,439857,53.85492801,-1.91773694,,,Counted,Manual count,8,0,90,0,14,1,0,0,0,0,0,1,105
807735,2019,8,Yorkshire and The Humber,195,Bradford,U,Minor,,,403938,442194,53.87594651,-1.94159086,,,Counted,Manual count,10,17,1566,0,342,7,5,12,2,1,0,27,1952
808458,2019,8,Yorkshire and The Humber,195,Bradford,U,Minor,,,407465,449915,53.94530339,-1.88776006,,,Counted,Manual count,24,3,241,0,39,0,0,0,0,0,0,0,283
808841,2019,8,Yorkshire and The Humber,195,Bradford,U,Minor,,,407018,450018,53.94623526,-1.89456788,,,Counted,Manual count,1,1,461,0,91,0,1,0,0,0,0,1,554
809083,2019,8,Yorkshire and The Humber,195,Bradford,U,Minor,,,404442,441402,53.86882419,-1.93393617,,,Counted,Manual count,5,2,1217,3,232,4,6,0,0,0,0,9,1463
809083,2020,8,Yorkshire and The Humber,195,Bradford,U,Minor,,,404442,441402,53.86882419,-1.93393617,,,Counted,Manual count,6,3,914,5,157,8,5,0,2,0,0,15,1094
809083,2021,8,Yorkshire and The Humber,195,Bradford,U,Minor,,,404442,441402,53.86882419,-1.93393617,,,Counted,Manual count,22,4,1156,8,147,12,3,0,0,0,0,14,1330
809083,2022,8,Yorkshire and The Humber,195,Bradford,U,Minor,,,404442,441402,53.86882419,-1.93393617,,,Counted,Manual count,24,5,1225,8,158,8,4,0,0,1,0,12,1409
809083,2023,8,Yorkshire and The Humber,195,Bradford,U,Minor,,,404442,441402,53.86882419,-1.93393617,,,Counted,Manual count,14,5,1302,3,141,15,2,0,0,0,0,17,1469
809083,2024,8,Yorkshire and The Humber,195,Bradford,U,Minor,,,404442,441402,53.86882419,-1.93393617,,,Counted,Manual count,24,14,1316,0,184,0,3,0,0,0,0,3,1517
809083,2025,8,Yorkshire and The Humber,195,Bradford,U,Minor,,,404442,441402,53.86882419,-1.93393617,,,Counted,Manual count,8,2,1449,0,137,2,3,0,0,0,0,4,1592
809350,2019,8,Yorkshire and The Humber,195,Bradford,U,Minor,,,406948,442842,53.88174002,-1.89579416,,,Counted,Manual count,0,0,21,0,7,0,0,0,0,0,0,0,29
809479,2019,8,Yorkshire and The Humber,195,Bradford,B6144,Minor,,,404284,437086,53.83003388,-1.93639727,,,Counted,Manual count,18,8,3495,0,555,15,1,8,0,1,0,25,4082
809701,2019,8,Yorkshire and The Humber,195,Bradford,B6265,Minor,,,411773,437545,53.83404588,-1.82259628,,,Counted,Manual count,111,36,12242,265,1418,62,16,13,1,13,24,129,14091
809888,2019,8,Yorkshire and The Humber,195,Bradford,U,Minor,,,416668,436821,53.82740604,-1.7482593,,,Counted,Manual count,7,2,193,1,32,0,0,0,0,0,0,0,228
809964,2019,8,Yorkshire and The Humber,195,Bradford,U,Minor,,,416164,428425,53.75195965,-1.75635285,,,Counted,Manual count,1,2,970,0,140,3,2,0,0,0,0,4,1117
809964,2020,8,Yorkshire and The Humber,195,Bradford,U,Minor,,,416164,428425,53.75195965,-1.75635285,,,Counted,Manual count,18,2,809,3,111,7,0,0,0,0,0,7,932
809964,2021,8,Yorkshire and The Humber,195,Bradford,U,Minor,,,416164,428425,53.75195965,-1.75635285,,,Counted,Manual count,7,0,905,7,126,14,0,0,0,0,0,14,1051
809964,2022,8,Yorkshire and The Humber,195,Bradford,U,Minor,,,416164,428425,53.75195965,-1.75635285,,,Counted,Manual count,6,5,970,2,132,5,2,0,0,0,0,6,1116
809964,2023,8,Yorkshire and The Humber,195,Bradford,U,Minor,,,416164,428425,53.75195965,-1.75635285,,,Counted,Manual count,1,0,986,3,91,7,0,0,0,0,0,7,1087
809964,2024,8,Yorkshire and The Humber,195,Bradford,U,Minor,,,416164,428425,53.75195965,-1.75635285,,,Counted,Manual count,4,3,1062,2,130,0,0,0,0,0,0,0,1198
809964,2025,8,Yorkshire and The Humber,195,Bradford,U,Minor,,,416164,428425,53.75195965,-1.75635285,,,Counted,Manual count,9,7,958,4,134,3,0,0,0,0,0,3,1105
810333,2019,8,Yorkshire and The Humber,195,Bradford,U,Minor,,,418933,435066,53.81155554,-1.71395654,,,Counted,Manual count,52,4,194,0,33,1,0,0,0,0,0,1,232
810343,2019,8,Yorkshire and The Humber,195,Bradford,U,Minor,,,415252,438989,53.84693467,-1.76966377,,,Counted,Manual count,0,0,100,0,20,0,1,0,0,0,0,1,121
810354,2019,8,Yorkshire and The Humber,195,Bradford,U,Minor,,,417788,433362,53.79628032,-1.7314423,,,Counted,Manual count,10,5,2802,0,241,5,1,0,0,0,0,6,3054
810611,2019,8,Yorkshire and The Humber,195,Bradford,U,Minor,,,404134,449478,53.94141219,-1.9385143,,,Counted,Manual count,7,5,225,0,56,9,1,57,88,2,2,158,445
810611,2020,8,Yorkshire and The Humber,195,Bradford,U,Minor,,,404134,449478,53.94141219,-1.9385143,,,Counted,Manual count,25,1,214,0,48,6,6,2,0,0,2,16,279
810611,2021,8,Yorkshire and The Humber,195,Bradford,U,Minor,,,404134,449478,53.94141219,-1.9385143,,,Counted,Manual count,46,6,217,0,68,4,4,7,22,3,4,43,334
810611,2022,8,Yorkshire and The Humber,195,Bradford,U,Minor,,,404134,449478,53.94141219,-1.9385143,,,Counted,Manual count,27,3,213,0,59,6,0,3,3,1,3,14,289
810611,2023,8,Yorkshire and The Humber,195,Bradford,U,Minor,,,404134,449478,53.94141219,-1.9385143,,,Counted,Manual count,21,0,184,0,60,9,2,4,6,1,0,22,265
810611,2024,8,Yorkshire and The Humber,195,Bradford,U,Minor,,,404134,449478,53.94141219,-1.9385143,,,Counted,Manual count,18,3,255,0,40,3,0,1,4,0,3,10,308
810611,2025,8,Yorkshire and The Humber,195,Bradford,U,Minor,,,404134,449478,53.94141219,-1.9385143,,,Counted,Manual count,23,4,263,0,37,1,3,3,16,1,1,25,328
810668,2019,8,Yorkshire and The Humber,195,Bradford,C,Minor,,,418483,431225,53.77704927,-1.72101852,,,Counted,Manual count,102,51,9799,9,1713,186,46,21,14,52,34,354,11925
810668,2020,8,Yorkshire and The Humber,195,Bradford,C,Minor,,,418483,431225,53.77704927,-1.72101852,,,Counted,Manual count,97,41,10204,6,2159,293,16,34,28,113,33,517,12928
810668,2021,8,Yorkshire and The Humber,195,Bradford,C,Minor,,,418483,431225,53.77704927,-1.72101852,,,Counted,Manual count,84,44,8810,2,1710,269,33,29,23,70,74,498,11064
810668,2022,8,Yorkshire and The Humber,195,Bradford,C,Minor,,,418483,431225,53.77704927,-1.72101852,,,Counted,Manual count,111,62,11233,8,2052,290,45,74,11,28,127,574,13930
810668,2023,8,Yorkshire and The Humber,195,Bradford,C,Minor,,,418483,431225,53.77704927,-1.72101852,,,Counted,Manual count,90,35,10854,5,1806,196,50,18,18,53,85,419,13118
810668,2024,8,Yorkshire and The Humber,195,Bradford,C,Minor,,,418483,431225,53.77704927,-1.72101852,,,Counted,Manual count,80,26,10474,8,1739,125,48,31,3,34,114,356,12602
810668,2025,8,Yorkshire and The Humber,195,Bradford,C,Minor,,,418483,431225,53.77704927,-1.72101852,,,Counted,Manual count,77,27,10825,5,1730,151,47,32,16,59,80,385,12972
810903,2019,8,Yorkshire and The Humber,195,Bradford,U,Minor,,,413488,447677,53.92506875,-1.79609667,,,Counted,Manual count,0,0,275,0,32,0,2,0,0,0,0,2,309
930131,2003,8,Yorkshire and The Humber,195,Bradford,B6144,Minor,,,414330,434400,53.80571537,-1.78389003,,,Counted,Manual count,12,92,18177,236,1280,159,39,32,19,32,7,288,20073
930131,2004,8,Yorkshire and The Humber,195,Bradford,B6144,Minor,,,414330,434400,53.80571537,-1.78389003,,,Counted,Manual count,17,72,16973,245,1337,162,29,20,20,21,10,262,18889
930131,2005,8,Yorkshire and The Humber,195,Bradford,B6144,Minor,,,414330,434400,53.80571537,-1.78389003,,,Counted,Manual count,8,31,17511,276,1420,121,15,35,21,16,7,215,19453
930131,2006,8,Yorkshire and The Humber,195,Bradford,B6144,Minor,,,414330,434400,53.80571537,-1.78389003,,,Counted,Manual count,15,59,16531,250,1238,174,39,39,15,31,15,313,18391
930131,2007,8,Yorkshire and The Humber,195,Bradford,B6144,Minor,,,414330,434400,53.80571537,-1.78389003,,,Counted,Manual count,15,68,16437,258,1265,172,37,30,12,18,10,279,18307
930131,2008,8,Yorkshire and The Humber,195,Bradford,B6144,Minor,,,414330,434400,53.80571537,-1.78389003,,,Counted,Manual count,12,57,16466,248,1294,152,25,40,14,25,12,268,18333
930131,2009,8,Yorkshire and The Humber,195,Bradford,B6144,Minor,,,414330,434400,53.80571537,-1.78389003,,,Counted,Manual count,12,68,16308,224,1346,179,31,22,19,21,11,283,18229
931201,2003,8,Yorkshire and The Humber,195,Bradford,U,Minor,,,412280,433790,53.80028456,-1.81504182,,,Counted,Manual count,27,6,2119,9,177,19,1,1,0,0,0,21,2332
931201,2004,8,Yorkshire and The Humber,195,Bradford,U,Minor,,,412280,433790,53.80028456,-1.81504182,,,Counted,Manual count,21,5,2277,8,174,18,3,0,0,0,0,21,2485
931201,2005,8,Yorkshire and The Humber,195,Bradford,U,Minor,,,412280,433790,53.80028456,-1.81504182,,,Counted,Manual count,7,10,2189,18,151,14,0,2,0,1,0,17,2385
931201,2006,8,Yorkshire and The Humber,195,Bradford,U,Minor,,,412280,433790,53.80028456,-1.81504182,,,Counted,Manual count,9,3,2222,15,163,14,0,2,0,0,0,16,2419
931201,2007,8,Yorkshire and The Humber,195,Bradford,U,Minor,,,412280,433790,53.80028456,-1.81504182,,,Counted,Manual count,17,6,1966,14,148,3,0,1,0,0,0,4,2138
931201,2008,8,Yorkshire and The Humber,195,Bradford,U,Minor,,,412280,433790,53.80028456,-1.81504182,,,Counted,Manual count,6,8,2135,17,136,16,1,0,0,0,0,17,2313
931201,2009,8,Yorkshire and The Humber,195,Bradford,U,Minor,,,412280,433790,53.80028456,-1.81504182,,,Counted,Manual count,9,8,2192,22,114,12,0,0,0,0,0,12,2348
931202,2003,8,Yorkshire and The Humber,195,Bradford,U,Minor,,,413940,429590,53.76249424,-1.79002716,,,Counted,Manual count,37,28,5259,41,536,39,5,0,2,1,0,47,5911
931202,2004,8,Yorkshire and The Humber,195,Bradford,U,Minor,,,413940,429590,53.76249424,-1.79002716,,,Counted,Manual count,12,16,5212,59,618,51,4,1,1,0,0,57,5962
931202,2005,8,Yorkshire and The Humber,195,Bradford,U,Minor,,,413940,429590,53.76249424,-1.79002716,,,Counted,Manual count,26,36,4635,73,565,49,3,8,1,0,0,61,5370
931202,2006,8,Yorkshire and The Humber,195,Bradford,U,Minor,,,413940,429590,53.76249424,-1.79002716,,,Counted,Manual count,16,46,5182,46,552,45,1,8,1,1,0,56,5882
931202,2007,8,Yorkshire and The Humber,195,Bradford,U,Minor,,,413940,429590,53.76249424,-1.79002716,,,Counted,Manual count,7,28,5324,57,554,69,3,3,1,2,0,78,6041
931202,2008,8,Yorkshire and The Humber,195,Bradford,U,Minor,,,413940,429590,53.76249424,-1.79002716,,,Counted,Manual count,31,31,5167,48,666,25,6,0,3,2,0,36,5948
931202,2009,8,Yorkshire and The Humber,195,Bradford,U,Minor,,,413940,429590,53.76249424,-1.79002716,,,Counted,Manual count,23,37,5220,74,567,20,4,1,1,6,2,34,5932
931203,2003,8,Yorkshire and The Humber,195,Bradford,U,Minor,,,418510,429870,53.76486983,-1.72068974,,,Counted,Manual count,11,10,1938,2,276,20,1,0,0,0,0,21,2247
931203,2004,8,Yorkshire and The Humber,195,Bradford,U,Minor,,,418510,429870,53.76486983,-1.72068974,,,Counted,Manual count,9,8,1935,4,297,17,2,3,0,0,0,22,2266
931203,2005,8,Yorkshire and The Humber,195,Bradford,U,Minor,,,418510,429870,53.76486983,-1.72068974,,,Counted,Manual count,4,16,1574,1,239,14,2,0,0,0,0,16,1846
931203,2006,8,Yorkshire and The Humber,195,Bradford,U,Minor,,,418510,429870,53.76486983,-1.72068974,,,Counted,Manual count,10,7,2200,2,214,8,2,0,0,0,0,10,2433
931203,2007,8,Yorkshire and The Humber,195,Bradford,U,Minor,,,418510,429870,53.76486983,-1.72068974,,,Counted,Manual count,9,14,1796,2,283,12,2,1,1,0,0,16,2111
931203,2008,8,Yorkshire and The Humber,195,Bradford,U,Minor,,,418510,429870,53.76486983,-1.72068974,,,Counted,Manual count,6,28,1829,3,227,8,1,0,0,0,0,9,2096
931203,2009,8,Yorkshire and The Humber,195,Bradford,U,Minor,,,418510,429870,53.76486983,-1.72068974,,,Counted,Manual count,3,16,1898,2,262,11,6,0,0,0,0,17,2195
931204,2003,8,Yorkshire and The Humber,195,Bradford,U,Minor,,,411900,439750,53.85386124,-1.8205827,,,Counted,Manual count,35,24,5988,65,480,23,4,5,0,0,0,32,6589
931204,2004,8,Yorkshire and The Humber,195,Bradford,U,Minor,,,411900,439750,53.85386124,-1.8205827,,,Counted,Manual count,22,23,6259,60,534,48,5,0,1,0,0,54,6930
931204,2005,8,Yorkshire and The Humber,195,Bradford,U,Minor,,,411900,439750,53.85386124,-1.8205827,,,Counted,Manual count,27,16,6039,72,695,61,12,12,0,1,4,90,6912
931204,2006,8,Yorkshire and The Humber,195,Bradford,U,Minor,,,411900,439750,53.85386124,-1.8205827,,,Counted,Manual count,9,11,6272,84,721,61,4,9,3,1,1,79,7167
931204,2007,8,Yorkshire and The Humber,195,Bradford,U,Minor,,,411900,439750,53.85386124,-1.8205827,,,Counted,Manual count,10,48,6767,90,797,32,6,14,1,1,5,59,7761
931204,2008,8,Yorkshire and The Humber,195,Bradford,U,Minor,,,411900,439750,53.85386124,-1.8205827,,,Counted,Manual count,37,36,6504,67,676,23,9,2,0,0,0,34,7317
931204,2009,8,Yorkshire and The Humber,195,Bradford,U,Minor,,,411900,439750,53.85386124,-1.8205827,,,Counted,Manual count,26,52,6910,86,689,33,4,3,2,0,0,42,7779
931205,2003,8,Yorkshire and The Humber,195,Bradford,U,Minor,,,405410,441610,53.87068481,-1.91921174,,,Counted,Manual count,3,14,2043,3,134,34,2,0,2,0,0,38,2232
931205,2004,8,Yorkshire and The Humber,195,Bradford,U,Minor,,,405410,441610,53.87068481,-1.91921174,,,Counted,Manual count,1,5,1246,0,128,19,6,9,4,0,0,38,1417
931205,2005,8,Yorkshire and The Humber,195,Bradford,U,Minor,,,405410,441610,53.87068481,-1.91921174,,,Counted,Manual count,6,4,1400,7,121,23,4,1,1,2,0,31,1563
931205,2006,8,Yorkshire and The Humber,195,Bradford,U,Minor,,,405410,441610,53.87068481,-1.91921174,,,Counted,Manual count,1,5,1552,9,110,15,4,0,3,0,0,22,1698
931205,2007,8,Yorkshire and The Humber,195,Bradford,U,Minor,,,405410,441610,53.87068481,-1.91921174,,,Counted,Manual count,5,9,1428,2,91,22,6,0,1,0,0,29,1559
931205,2008,8,Yorkshire and The Humber,195,Bradford,U,Minor,,,405410,441610,53.87068481,-1.91921174,,,Counted,Manual count,1,2,1638,7,119,25,7,2,2,0,0,36,1802
931205,2009,8,Yorkshire and The Humber,195,Bradford,U,Minor,,,405410,441610,53.87068481,-1.91921174,,,Counted,Manual count,2,4,1551,2,112,15,5,0,6,0,0,26,1695
931206,2003,8,Yorkshire and The Humber,195,Bradford,U,Minor,,,412550,447820,53.92637722,-1.81037434,,,Counted,Manual count,61,28,4269,73,495,40,2,4,0,1,0,47,4912
931206,2004,8,Yorkshire and The Humber,195,Bradford,U,Minor,,,412550,447820,53.92637722,-1.81037434,,,Counted,Manual count,28,32,3666,75,522,37,2,3,1,1,0,44,4339
931206,2005,8,Yorkshire and The Humber,195,Bradford,U,Minor,,,412550,447820,53.92637722,-1.81037434,,,Counted,Manual count,54,6,3968,73,493,43,5,2,1,1,0,52,4592
931206,2006,8,Yorkshire and The Humber,195,Bradford,U,Minor,,,412550,447820,53.92637722,-1.81037434,,,Counted,Manual count,54,14,4062,99,617,41,6,0,0,1,0,48,4840
931206,2007,8,Yorkshire and The Humber,195,Bradford,U,Minor,,,412550,447820,53.92637722,-1.81037434,,,Estimated,Estimated using AADF from previous year on this link,52,16,3977,125,681,44,6,0,0,1,0,51,4850
931206,2008,8,Yorkshire and The Humber,195,Bradford,U,Minor,,,412550,447820,53.92637722,-1.81037434,,,Counted,Manual count,41,16,3809,81,465,41,3,7,1,0,1,53,4424
931206,2009,8,Yorkshire and The Humber,195,Bradford,U,Minor,,,412550,447820,53.92637722,-1.81037434,,,Counted,Manual count,113,26,3878,72,537,61,4,4,1,5,0,75,4588
931207,2003,8,Yorkshire and The Humber,195,Bradford,U,Minor,,,409580,430210,53.76816408,-1.85614414,,,Counted,Manual count,18,1,1115,2,130,0,0,0,0,0,0,0,1248
931207,2004,8,Yorkshire and The Humber,195,Bradford,U,Minor,,,409580,430210,53.76816408,-1.85614414,,,Counted,Manual count,19,5,1297,5,122,4,1,0,0,2,0,7,1436
931207,2005,8,Yorkshire and The Humber,195,Bradford,U,Minor,,,409580,430210,53.76816408,-1.85614414,,,Counted,Manual count,8,3,1112,3,122,6,0,0,0,0,0,6,1246
931207,2006,8,Yorkshire and The Humber,195,Bradford,U,Minor,,,409580,430210,53.76816408,-1.85614414,,,Counted,Manual count,5,7,1164,1,125,8,0,0,0,0,0,8,1305
931207,2007,8,Yorkshire and The Humber,195,Bradford,U,Minor,,,409580,430210,53.76816408,-1.85614414,,,Counted,Manual count,5,7,1165,3,136,2,0,2,0,0,0,4,1315
931207,2008,8,Yorkshire and The Humber,195,Bradford,U,Minor,,,409580,430210,53.76816408,-1.85614414,,,Counted,Manual count,6,7,1163,2,108,3,1,0,0,0,0,4,1284
931207,2009,8,Yorkshire and The Humber,195,Bradford,U,Minor,,,409580,430210,53.76816408,-1.85614414,,,Counted,Manual count,10,6,1275,0,145,2,0,1,0,0,0,3,1429
931208,2003,8,Yorkshire and The Humber,195,Bradford,U,Minor,,,415360,432910,53.79229437,-1.76832366,,,Counted,Manual count,17,31,2026,5,206,19,1,0,0,0,0,20,2288
931208,2004,8,Yorkshire and The Humber,195,Bradford,U,Minor,,,415360,432910,53.79229437,-1.76832366,,,Counted,Manual count,23,18,2520,0,231,12,6,0,0,0,1,19,2788
931208,2005,8,Yorkshire and The Humber,195,Bradford,U,Minor,,,415360,432910,53.79229437,-1.76832366,,,Counted,Manual count,13,11,2425,11,255,16,0,1,0,0,0,17,2719
931208,2006,8,Yorkshire and The Humber,195,Bradford,U,Minor,,,415360,432910,53.79229437,-1.76832366,,,Counted,Manual count,10,11,2554,5,315,22,3,0,1,0,0,26,2911
931208,2007,8,Yorkshire and The Humber,195,Bradford,U,Minor,,,415360,432910,53.79229437,-1.76832366,,,Counted,Manual count,7,5,2578,1,211,14,4,1,0,0,0,19,2814
931208,2008,8,Yorkshire and The Humber,195,Bradford,U,Minor,,,415360,432910,53.79229437,-1.76832366,,,Counted,Manual count,4,6,1923,4,202,8,2,1,0,0,6,17,2152
931208,2009,8,Yorkshire and The Humber,195,Bradford,U,Minor,,,415360,432910,53.79229437,-1.76832366,,,Estimated,Estimated using AADF from previous year on this link,4,6,1892,4,197,8,2,1,0,0,6,17,2116
931209,2003,8,Yorkshire and The Humber,195,Bradford,U,Minor,,,409350,436080,53.82092696,-1.85945772,,,Counted,Manual count,4,41,8370,66,913,74,13,0,0,1,0,88,9478
931209,2004,8,Yorkshire and The Humber,195,Bradford,U,Minor,,,409350,436080,53.82092696,-1.85945772,,,Counted,Manual count,29,60,7080,75,801,68,6,5,1,1,0,81,8097
931209,2005,8,Yorkshire and The Humber,195,Bradford,U,Minor,,,409350,436080,53.82092696,-1.85945772,,,Counted,Manual count,11,38,6379,66,700,64,11,1,1,0,0,77,7260
931209,2006,8,Yorkshire and The Humber,195,Bradford,U,Minor,,,409350,436080,53.82092696,-1.85945772,,,Counted,Manual count,10,42,6718,95,775,57,12,3,3,4,1,80,7710
931209,2007,8,Yorkshire and The Humber,195,Bradford,U,Minor,,,409350,436080,53.82092696,-1.85945772,,,Counted,Manual count,3,38,6609,83,822,53,8,10,1,0,0,72,7624
931209,2008,8,Yorkshire and The Humber,195,Bradford,U,Minor,,,409350,436080,53.82092696,-1.85945772,,,Counted,Manual count,14,42,6496,80,741,57,12,2,0,0,0,71,7430
931209,2009,8,Yorkshire and The Humber,195,Bradford,U,Minor,,,409350,436080,53.82092696,-1.85945772,,,Counted,Manual count,8,50,6591,101,723,45,8,7,3,5,0,68,7533
931210,2003,8,Yorkshire and The Humber,195,Bradford,U,Minor,,,416670,431170,53.7766156,-1.7485318,,,Counted,Manual count,20,22,2675,7,302,57,6,4,2,0,1,70,3076
931210,2004,8,Yorkshire and The Humber,195,Bradford,U,Minor,,,416670,431170,53.7766156,-1.7485318,,,Counted,Manual count,18,8,3122,18,465,49,6,0,3,1,1,60,3673
931210,2005,8,Yorkshire and The Humber,195,Bradford,U,Minor,,,416670,431170,53.7766156,-1.7485318,,,Estimated,Estimated using AADF from previous year on this link,14,6,3141,19,489,52,7,0,3,1,1,64,3719
931210,2006,8,Yorkshire and The Humber,195,Bradford,U,Minor,,,416670,431170,53.7766156,-1.7485318,,,Counted,Manual count,19,8,3247,22,379,36,8,11,1,2,2,60,3716
931210,2007,8,Yorkshire and The Humber,195,Bradford,U,Minor,,,416670,431170,53.7766156,-1.7485318,,,Counted,Manual count,18,20,3362,21,412,37,6,28,1,0,4,76,3891
931210,2008,8,Yorkshire and The Humber,195,Bradford,U,Minor,,,416670,431170,53.7766156,-1.7485318,,,Counted,Manual count,17,25,3431,15,444,53,5,8,0,9,1,76,3991
931210,2009,8,Yorkshire and The Humber,195,Bradford,U,Minor,,,416670,431170,53.7766156,-1.7485318,,,Counted,Manual count,19,34,4027,24,423,63,9,2,3,6,4,87,4595
931211,2003,8,Yorkshire and The Humber,195,Bradford,U,Minor,,,409650,442030,53.8743992,-1.85471664,,,Counted,Manual count,11,16,1418,0,164,11,0,0,0,0,0,11,1609
931211,2004,8,Yorkshire and The Humber,195,Bradford,U,Minor,,,409650,442030,53.8743992,-1.85471664,,,Counted,Manual count,22,3,1274,0,151,3,2,0,0,0,0,5,1433
931211,2005,8,Yorkshire and The Humber,195,Bradford,U,Minor,,,409650,442030,53.8743992,-1.85471664,,,Counted,Manual count,7,4,1416,0,126,13,0,0,0,0,0,13,1559
931211,2006,8,Yorkshire and The Humber,195,Bradford,U,Minor,,,409650,442030,53.8743992,-1.85471664,,,Counted,Manual count,9,10,1320,2,204,9,2,0,0,1,0,12,1548
931211,2007,8,Yorkshire and The Humber,195,Bradford,U,Minor,,,409650,442030,53.8743992,-1.85471664,,,Counted,Manual count,27,14,1379,12,155,18,3,0,0,0,0,21,1581
931211,2008,8,Yorkshire and The Humber,195,Bradford,U,Minor,,,409650,442030,53.8743992,-1.85471664,,,Counted,Manual count,41,15,1364,0,161,17,2,1,0,0,0,20,1560
931211,2009,8,Yorkshire and The Humber,195,Bradford,U,Minor,,,409650,442030,53.8743992,-1.85471664,,,Counted,Manual count,8,13,983,4,86,10,2,0,2,0,0,14,1100
931212,2003,8,Yorkshire and The Humber,195,Bradford,U,Minor,,,416370,439500,53.85149367,-1.75264423,,,Counted,Manual count,33,37,6231,0,395,13,0,0,0,0,0,13,6676
931212,2004,8,Yorkshire and The Humber,195,Bradford,U,Minor,,,416370,439500,53.85149367,-1.75264423,,,Counted,Manual count,25,19,5892,2,464,2,1,1,0,0,0,4,6381
931212,2005,8,Yorkshire and The Humber,195,Bradford,U,Minor,,,416370,439500,53.85149367,-1.75264423,,,Counted,Manual count,8,19,6298,1,441,27,0,0,0,0,0,27,6786
931212,2006,8,Yorkshire and The Humber,195,Bradford,U,Minor,,,416370,439500,53.85149367,-1.75264423,,,Counted,Manual count,17,18,6095,2,406,19,0,0,0,0,0,19,6540
931212,2007,8,Yorkshire and The Humber,195,Bradford,U,Minor,,,416370,439500,53.85149367,-1.75264423,,,Counted,Manual count,14,52,6662,1,512,7,0,0,0,0,0,7,7234
931212,2008,8,Yorkshire and The Humber,195,Bradford,U,Minor,,,416370,439500,53.85149367,-1.75264423,,,Counted,Manual count,17,31,6315,0,432,10,0,0,0,0,0,10,6788
931212,2009,8,Yorkshire and The Humber,195,Bradford,U,Minor,,,416370,439500,53.85149367,-1.75264423,,,Counted,Manual count,18,29,6163,0,456,21,0,0,0,0,0,21,6669
931213,2003,8,Yorkshire and The Humber,195,Bradford,U,Minor,,,419220,430650,53.77185484,-1.70987092,,,Counted,Manual count,14,10,2135,115,332,20,3,2,1,0,0,26,2618
931213,2004,8,Yorkshire and The Humber,195,Bradford,U,Minor,,,419220,430650,53.77185484,-1.70987092,,,Counted,Manual count,16,24,2299,145,480,15,3,6,2,0,0,26,2974
931213,2005,8,Yorkshire and The Humber,195,Bradford,U,Minor,,,419220,430650,53.77185484,-1.70987092,,,Counted,Manual count,42,27,2343,120,443,22,4,3,0,0,1,30,2963
931213,2006,8,Yorkshire and The Humber,195,Bradford,U,Minor,,,419220,430650,53.77185484,-1.70987092,,,Counted,Manual count,14,26,2557,87,443,19,5,6,0,1,0,31,3144
931213,2007,8,Yorkshire and The Humber,195,Bradford,U,Minor,,,419220,430650,53.77185484,-1.70987092,,,Counted,Manual count,31,42,2799,118,539,19,7,4,0,1,0,31,3529
931213,2008,8,Yorkshire and The Humber,195,Bradford,U,Minor,,,419220,430650,53.77185484,-1.70987092,,,Counted,Manual count,17,32,3183,121,475,37,5,12,1,0,0,55,3866
931213,2009,8,Yorkshire and The Humber,195,Bradford,U,Minor,,,419220,430650,53.77185484,-1.70987092,,,Counted,Manual count,23,26,3011,110,461,53,4,1,1,0,0,59,3667
931214,2003,8,Yorkshire and The Humber,195,Bradford,U,Minor,,,402710,439070,53.84787593,-1.96029503,,,Counted,Manual count,9,18,2399,124,341,17,6,0,0,2,0,25,2907
931214,2004,8,Yorkshire and The Humber,195,Bradford,U,Minor,,,402710,439070,53.84787593,-1.96029503,,,Counted,Manual count,5,13,2193,142,313,16,4,6,1,0,0,27,2688
931214,2005,8,Yorkshire and The Humber,195,Bradford,U,Minor,,,402710,439070,53.84787593,-1.96029503,,,Counted,Manual count,10,36,2242,153,306,28,7,0,2,1,0,38,2775
931214,2006,8,Yorkshire and The Humber,195,Bradford,U,Minor,,,402710,439070,53.84787593,-1.96029503,,,Counted,Manual count,7,21,2180,116,335,33,3,0,0,0,0,36,2688
931214,2007,8,Yorkshire and The Humber,195,Bradford,U,Minor,,,402710,439070,53.84787593,-1.96029503,,,Counted,Manual count,8,23,2152,13,317,10,2,1,0,0,0,13,2518
931214,2008,8,Yorkshire and The Humber,195,Bradford,U,Minor,,,402710,439070,53.84787593,-1.96029503,,,Counted,Manual count,8,33,2258,7,339,23,2,0,0,0,0,25,2662
931214,2009,8,Yorkshire and The Humber,195,Bradford,U,Minor,,,402710,439070,53.84787593,-1.96029503,,,Counted,Manual count,14,19,2337,4,280,17,2,0,0,0,2,21,2661
931215,2003,8,Yorkshire and The Humber,195,Bradford,U,Minor,,,407910,442450,53.87820327,-1.88117007,,,Counted,Manual count,15,25,2785,26,229,23,0,0,1,0,0,24,3089
931215,2004,8,Yorkshire and The Humber,195,Bradford,U,Minor,,,407910,442450,53.87820327,-1.88117007,,,Counted,Manual count,7,2,2737,22,209,30,5,1,0,0,0,36,3006
931215,2005,8,Yorkshire and The Humber,195,Bradford,U,Minor,,,407910,442450,53.87820327,-1.88117007,,,Counted,Manual count,13,23,2858,20,260,38,30,0,2,0,0,70,3231
931215,2006,8,Yorkshire and The Humber,195,Bradford,U,Minor,,,407910,442450,53.87820327,-1.88117007,,,Counted,Manual count,12,16,2743,23,373,20,3,4,0,0,2,29,3184
931215,2007,8,Yorkshire and The Humber,195,Bradford,U,Minor,,,407910,442450,53.87820327,-1.88117007,,,Counted,Manual count,5,13,2601,16,357,22,0,6,0,2,0,30,3017
931215,2008,8,Yorkshire and The Humber,195,Bradford,U,Minor,,,407910,442450,53.87820327,-1.88117007,,,Counted,Manual count,16,14,2535,20,269,7,0,0,0,0,0,7,2845
931215,2009,8,Yorkshire and The Humber,195,Bradford,U,Minor,,,407910,442450,53.87820327,-1.88117007,,,Counted,Manual count,15,23,2636,12,274,25,2,0,0,0,0,27,2972
941516,2000,8,Yorkshire and The Humber,195,Bradford,U,Minor,,,416361,446337,53.91294351,-1.75241905,,,Counted,Manual count,25,7,769,38,78,12,0,0,0,0,0,12,904
941516,2001,8,Yorkshire and The Humber,195,Bradford,U,Minor,,,416361,446337,53.91294351,-1.75241905,,,Counted,Manual count,17,6,791,28,87,12,1,0,0,0,0,13,925
941516,2002,8,Yorkshire and The Humber,195,Bradford,U,Minor,,,416361,446337,53.91294351,-1.75241905,,,Counted,Manual count,32,3,828,27,89,13,0,0,1,0,0,14,961
941516,2003,8,Yorkshire and The Humber,195,Bradford,U,Minor,,,416361,446337,53.91294351,-1.75241905,,,Counted,Manual count,38,7,834,43,84,13,0,2,0,0,0,15,983
941516,2004,8,Yorkshire and The Humber,195,Bradford,U,Minor,,,416361,446337,53.91294351,-1.75241905,,,Counted,Manual count,15,8,814,22,108,10,1,0,0,0,0,11,963
941516,2005,8,Yorkshire and The Humber,195,Bradford,U,Minor,,,416361,446337,53.91294351,-1.75241905,,,Counted,Manual count,13,7,958,20,108,9,0,0,0,0,0,9,1102
941516,2006,8,Yorkshire and The Humber,195,Bradford,U,Minor,,,416361,446337,53.91294351,-1.75241905,,,Counted,Manual count,10,8,986,26,122,13,2,0,0,0,0,15,1157
941516,2008,8,Yorkshire and The Humber,195,Bradford,U,Minor,,,416361,446337,53.91294351,-1.75241905,,,Counted,Manual count,3,9,929,25,125,19,0,3,0,0,0,22,1110
941516,2009,8,Yorkshire and The Humber,195,Bradford,U,Minor,,,416361,446337,53.91294351,-1.75241905,,,Counted,Manual count,16,2,922,27,172,11,0,0,0,0,0,11,1134
941525,2000,8,Yorkshire and The Humber,195,Bradford,U,Minor,,,419101,432780,53.79100327,-1.71154565,,,Counted,Manual count,52,147,13722,133,2244,254,58,34,57,69,34,506,16752
941525,2001,8,Yorkshire and The Humber,195,Bradford,U,Minor,,,419101,432780,53.79100327,-1.71154565,,,Counted,Manual count,76,191,13366,138,2004,403,39,44,39,58,46,629,16328
941525,2002,8,Yorkshire and The Humber,195,Bradford,U,Minor,,,419101,432780,53.79100327,-1.71154565,,,Counted,Manual count,55,133,15405,147,2197,315,77,34,49,54,37,566,18448
941525,2003,8,Yorkshire and The Humber,195,Bradford,U,Minor,,,419101,432780,53.79100327,-1.71154565,,,Counted,Manual count,74,103,16693,120,2211,326,41,72,32,66,29,566,19693
941525,2004,8,Yorkshire and The Humber,195,Bradford,U,Minor,,,419101,432780,53.79100327,-1.71154565,,,Counted,Manual count,63,123,16489,106,2257,304,42,68,32,42,29,517,19492
941525,2005,8,Yorkshire and The Humber,195,Bradford,U,Minor,,,419101,432780,53.79100327,-1.71154565,,,Counted,Manual count,31,68,16638,113,2541,327,64,58,36,60,35,580,19940
941525,2006,8,Yorkshire and The Humber,195,Bradford,U,Minor,,,419101,432780,53.79100327,-1.71154565,,,Counted,Manual count,42,120,17425,154,2414,328,53,45,22,67,41,556,20669
941525,2008,8,Yorkshire and The Humber,195,Bradford,U,Minor,,,419101,432780,53.79100327,-1.71154565,,,Counted,Manual count,41,124,15433,158,2358,382,46,41,16,63,16,564,18637
941525,2009,8,Yorkshire and The Humber,195,Bradford,U,Minor,,,419101,432780,53.79100327,-1.71154565,,,Counted,Manual count,68,115,14434,116,2030,269,37,33,21,58,29,447,17142
948966,2008,8,Yorkshire and The Humber,195,Bradford,B6144,Minor,,,411413,435466,53.81536786,-1.82814311,,,Counted,Manual count,14,80,8575,65,917,120,22,6,4,2,2,156,9793
948966,2010,8,Yorkshire and The Humber,195,Bradford,B6144,Minor,,,411413,435466,53.81536786,-1.82814311,,,Counted,Manual count,22,50,8866,74,951,85,9,20,1,4,2,121,10062
948966,2011,8,Yorkshire and The Humber,195,Bradford,B6144,Minor,,,411413,435466,53.81536786,-1.82814311,,,Counted,Manual count,22,86,8620,58,1028,51,6,8,3,4,3,75,9867
948966,2012,8,Yorkshire and The Humber,195,Bradford,B6144,Minor,,,411413,435466,53.81536786,-1.82814311,,,Counted,Manual count,30,50,8696,47,964,66,11,30,1,5,2,114,9871
948966,2013,8,Yorkshire and The Humber,195,Bradford,B6144,Minor,,,411413,435466,53.81536786,-1.82814311,,,Counted,Manual count,32,82,8339,49,1024,26,17,7,0,3,3,56,9550
948966,2014,8,Yorkshire and The Humber,195,Bradford,B6144,Minor,,,411413,435466,53.81536786,-1.82814311,,,Counted,Manual count,23,83,8829,46,1043,118,16,18,2,4,7,165,10165
948966,2015,8,Yorkshire and The Humber,195,Bradford,B6144,Minor,,,411413,435466,53.81536786,-1.82814311,,,Estimated,Estimated using AADF from previous year on this link,21,78,8917,50,1148,113,16,17,3,4,7,161,10353
948966,2016,8,Yorkshire and The Humber,195,Bradford,B6144,Minor,,,411413,435466,53.81536786,-1.82814311,,,Counted,Manual count,11,38,9003,36,804,39,7,33,9,2,2,92,9972
948966,2017,8,Yorkshire and The Humber,195,Bradford,B6144,Minor,,,411216,435321,53.81406883,-1.83114036,,,Counted,Manual count,9,47,8279,52,1079,61,10,1,6,2,1,81,9539
948966,2018,8,Yorkshire and The Humber,195,Bradford,B6144,Minor,,,411216,435321,53.81406883,-1.83114036,,,Counted,Manual count,14,66,8392,32,1021,37,11,18,27,0,4,96,9608
948966,2019,8,Yorkshire and The Humber,195,Bradford,B6144,Minor,,,411216,435321,53.81406883,-1.83114036,,,Counted,Manual count,13,34,8083,37,1016,32,18,11,44,2,1,108,9278
948967,2009,8,Yorkshire and The Humber,195,Bradford,B6265,Minor,,,409613,440884,53.86409981,-1.85531495,,,Counted,Manual count,14,52,8745,46,1203,133,30,8,23,37,11,242,10288
948968,2008,8,Yorkshire and The Humber,195,Bradford,B6269,Minor,,,412040,436683,53.82629227,-1.81857277,,,Counted,Manual count,16,47,10983,125,1013,142,19,11,36,36,17,261,12429
948968,2010,8,Yorkshire and The Humber,195,Bradford,B6269,Minor,,,412040,436683,53.82629227,-1.81857277,,,Counted,Manual count,10,37,9565,101,860,120,16,14,9,13,6,178,10741
948968,2011,8,Yorkshire and The Humber,195,Bradford,B6269,Minor,,,412040,436683,53.82629227,-1.81857277,,,Counted,Manual count,12,26,10233,92,1048,166,16,12,13,18,11,236,11635
948968,2012,8,Yorkshire and The Humber,195,Bradford,B6269,Minor,,,412040,436683,53.82629227,-1.81857277,,,Counted,Manual count,5,19,10007,81,1094,145,12,16,5,15,7,201,11401
948968,2013,8,Yorkshire and The Humber,195,Bradford,B6269,Minor,,,412040,436683,53.82629227,-1.81857277,,,Counted,Manual count,23,49,10046,96,1122,190,6,17,16,7,5,241,11553
948968,2014,8,Yorkshire and The Humber,195,Bradford,B6269,Minor,,,412040,436683,53.82629227,-1.81857277,,,Counted,Manual count,19,43,11101,110,1170,214,20,8,8,15,6,271,12696
948968,2015,8,Yorkshire and The Humber,195,Bradford,B6269,Minor,,,412040,436683,53.82629227,-1.81857277,,,Counted,Manual count,25,45,10810,68,1328,162,23,7,6,15,6,218,12470
948968,2016,8,Yorkshire and The Humber,195,Bradford,B6269,Minor,,,412040,436683,53.82629227,-1.81857277,,,Counted,Manual count,8,27,10824,64,1263,109,21,15,14,11,7,177,12356
948968,2017,8,Yorkshire and The Humber,195,Bradford,B6269,Minor,,,412040,436683,53.82629227,-1.81857277,,,Counted,Manual count,13,22,10506,49,1267,106,19,75,7,12,2,221,12065
948968,2018,8,Yorkshire and The Humber,195,Bradford,B6269,Minor,,,412040,436683,53.82629227,-1.81857277,,,Counted,Manual count,9,26,8704,28,1011,52,25,19,1,5,13,114,9884
948968,2019,8,Yorkshire and The Humber,195,Bradford,B6269,Minor,,,412040,436683,53.82629227,-1.81857277,,,Counted,Manual count,5,28,10555,49,1358,82,17,13,11,15,8,146,12136
948969,2009,8,Yorkshire and The Humber,195,Bradford,B6145,Minor,,,407842,432475,53.78855033,-1.88245455,,,Counted,Manual count,5,13,4377,57,964,110,23,20,22,15,13,205,5615
948970,2008,8,Yorkshire and The Humber,195,Bradford,B6429,Minor,,,407645,437785,53.83627875,-1.88531494,,,Counted,Manual count,8,26,4213,28,583,83,8,53,0,5,1,150,5000
948970,2011,8,Yorkshire and The Humber,195,Bradford,B6429,Minor,,,407645,437785,53.83627875,-1.88531494,,,Counted,Manual count,26,40,3828,21,467,52,5,6,1,5,0,69,4425
948970,2012,8,Yorkshire and The Humber,195,Bradford,B6429,Minor,,,407645,437785,53.83627875,-1.88531494,,,Counted,Manual count,18,51,4808,14,593,48,8,37,0,3,1,97,5563
948970,2013,8,Yorkshire and The Humber,195,Bradford,B6429,Minor,,,407645,437785,53.83627875,-1.88531494,,,Counted,Manual count,20,35,4564,37,579,41,17,13,6,3,2,81,5295
948970,2014,8,Yorkshire and The Humber,195,Bradford,B6429,Minor,,,407645,437785,53.83627875,-1.88531494,,,Counted,Manual count,59,57,5331,13,645,69,15,16,1,2,1,103,6149
948970,2015,8,Yorkshire and The Humber,195,Bradford,B6429,Minor,,,407645,437785,53.83627875,-1.88531494,,,Estimated,Estimated using AADF from previous year on this link,54,54,5384,14,710,66,15,15,1,2,1,101,6263
948970,2016,8,Yorkshire and The Humber,195,Bradford,B6429,Minor,,,407645,437785,53.83627875,-1.88531494,,,Counted,Manual count,24,15,4325,9,552,47,4,8,0,0,0,59,4960
948970,2017,8,Yorkshire and The Humber,195,Bradford,B6429,Minor,,,407645,437785,53.83627875,-1.88531494,,,Counted,Manual count,18,19,4356,14,626,36,12,18,7,4,1,77,5093
948970,2018,8,Yorkshire and The Humber,195,Bradford,B6429,Minor,,,407837,437881,53.8371388,-1.8823949,,,Counted,Manual count,14,16,4246,11,559,27,8,3,4,0,1,43,4876
948970,2019,8,Yorkshire and The Humber,195,Bradford,B6429,Minor,,,407837,437881,53.8371388,-1.8823949,,,Counted,Manual count,30,25,4821,12,681,30,4,52,5,5,0,96,5634
948971,2009,8,Yorkshire and The Humber,195,Bradford,B6144,Minor,,,413351,435344,53.81422571,-1.79871487,,,Counted,Manual count,25,69,19023,127,1386,145,38,18,15,15,19,250,20855
948972,2008,8,Yorkshire and The Humber,195,Bradford,B6145,Minor,,,415095,433560,53.79814416,-1.77231474,,,Counted,Manual count,48,66,12796,146,1840,240,30,31,40,63,12,416,15264
948972,2010,8,Yorkshire and The Humber,195,Bradford,B6145,Minor,,,415095,433560,53.79814416,-1.77231474,,,Counted,Manual count,38,69,11971,123,1771,225,42,54,28,49,28,426,14360
948972,2011,8,Yorkshire and The Humber,195,Bradford,B6145,Minor,,,415095,433560,53.79814416,-1.77231474,,,Counted,Manual count,56,38,11719,119,1622,206,35,22,9,24,21,317,13815
948972,2012,8,Yorkshire and The Humber,195,Bradford,B6145,Minor,,,415095,433560,53.79814416,-1.77231474,,,Counted,Manual count,38,48,11656,115,1499,204,39,78,21,33,15,390,13708
948972,2013,8,Yorkshire and The Humber,195,Bradford,B6145,Minor,,,415095,433560,53.79814416,-1.77231474,,,Counted,Manual count,49,45,12654,149,1783,172,32,30,6,22,23,285,14916
948972,2014,8,Yorkshire and The Humber,195,Bradford,B6145,Minor,,,415095,433560,53.79814416,-1.77231474,,,Counted,Manual count,69,47,13052,136,1570,332,27,19,5,26,11,419,15225
948972,2015,8,Yorkshire and The Humber,195,Bradford,B6145,Minor,,,415095,433560,53.79814416,-1.77231474,,,Estimated,Estimated using AADF from previous year on this link,66,40,13146,138,1600,328,28,18,6,23,10,413,15338
948972,2016,8,Yorkshire and The Humber,195,Bradford,B6145,Minor,,,415095,433560,53.79814416,-1.77231474,,,Counted,Manual count,51,42,18723,277,2361,233,44,17,4,36,20,353,21757
948972,2017,8,Yorkshire and The Humber,195,Bradford,B6145,Minor,,,415095,433560,53.79814416,-1.77231474,,,Counted,Manual count,72,52,19952,287,2027,215,17,20,8,34,22,316,22633
948972,2018,8,Yorkshire and The Humber,195,Bradford,B6145,Minor,,,415078,433566,53.79819858,-1.77257254,,,Counted,Manual count,116,73,23711,296,2499,160,38,23,3,30,16,271,26850
948972,2019,8,Yorkshire and The Humber,195,Bradford,B6145,Minor,,,415078,433566,53.79819858,-1.77257254,,,Counted,Manual count,76,58,19841,297,2427,152,31,22,8,15,31,259,22881
948973,2009,8,Yorkshire and The Humber,195,Bradford,B6144,Minor,,,407156,436205,53.82208465,-1.89278212,,,Counted,Manual count,4,40,5544,35,635,44,12,5,0,1,0,62,6316
948973,2010,8,Yorkshire and The Humber,195,Bradford,B6144,Minor,,,407156,436205,53.82208465,-1.89278212,,,Counted,Manual count,4,34,5002,44,764,70,18,1,1,2,2,94,5938
948973,2011,8,Yorkshire and The Humber,195,Bradford,B6144,Minor,,,407156,436205,53.82208465,-1.89278212,,,Counted,Manual count,7,62,5114,48,692,66,7,6,1,2,2,84,6000
948973,2012,8,Yorkshire and The Humber,195,Bradford,B6144,Minor,,,407156,436205,53.82208465,-1.89278212,,,Counted,Manual count,1,23,5090,36,657,61,5,4,5,3,1,79,5886
948973,2013,8,Yorkshire and The Humber,195,Bradford,B6144,Minor,,,407156,436205,53.82208465,-1.89278212,,,Counted,Manual count,11,57,5192,41,638,42,7,10,2,3,1,65,5993
948973,2014,8,Yorkshire and The Humber,195,Bradford,B6144,Minor,,,407156,436205,53.82208465,-1.89278212,,,Counted,Manual count,6,36,5016,40,702,68,11,6,23,3,0,111,5904
948973,2015,8,Yorkshire and The Humber,195,Bradford,B6144,Minor,,,407156,436205,53.82208465,-1.89278212,,,Counted,Manual count,5,60,5050,43,765,48,12,15,21,2,5,102,6020
948973,2016,8,Yorkshire and The Humber,195,Bradford,B6144,Minor,,,407156,436205,53.82208465,-1.89278212,,,Estimated,Estimated using AADF from previous year on this link,5,60,5076,43,799,50,12,15,21,2,5,105,6083
948973,2017,8,Yorkshire and The Humber,195,Bradford,B6144,Minor,,,407156,436205,53.82208465,-1.89278212,,,Counted,Manual count,6,32,5404,24,770,50,5,9,2,0,2,68,6297
948973,2018,8,Yorkshire and The Humber,195,Bradford,B6144,Minor,,,407156,436205,53.82208465,-1.89278212,,,Counted,Manual count,13,24,5361,23,813,31,17,15,3,1,0,67,6289
948973,2019,8,Yorkshire and The Humber,195,Bradford,B6144,Minor,,,407298,436143,53.82152547,-1.89062651,,,Counted,Manual count,5,33,5686,27,883,38,8,12,6,1,0,65,6693
948974,2008,8,Yorkshire and The Humber,195,Bradford,B6144,Minor,,,414825,434212,53.80401193,-1.77638276,,,Counted,Manual count,29,46,18651,276,1389,112,29,30,20,26,14,231,20593
948974,2010,8,Yorkshire and The Humber,195,Bradford,B6144,Minor,,,414825,434212,53.80401193,-1.77638276,,,Counted,Manual count,19,61,17661,278,1466,149,48,12,22,28,11,270,19736
948974,2011,8,Yorkshire and The Humber,195,Bradford,B6144,Minor,,,414825,434212,53.80401193,-1.77638276,,,Counted,Manual count,27,69,17250,271,1405,216,43,7,10,13,11,300,19295
948974,2012,8,Yorkshire and The Humber,195,Bradford,B6144,Minor,,,414825,434212,53.80401193,-1.77638276,,,Counted,Manual count,43,23,18654,231,1406,141,33,23,14,12,7,229,20543
948974,2013,8,Yorkshire and The Humber,195,Bradford,B6144,Minor,,,414825,434212,53.80401193,-1.77638276,,,Counted,Manual count,37,48,18927,237,1618,125,36,7,19,27,22,236,21067
948974,2014,8,Yorkshire and The Humber,195,Bradford,B6144,Minor,,,414825,434212,53.80401193,-1.77638276,,,Counted,Manual count,34,37,18258,220,1417,287,33,33,16,26,12,406,20337
948974,2015,8,Yorkshire and The Humber,195,Bradford,B6144,Minor,,,414825,434212,53.80401193,-1.77638276,,,Counted,Manual count,40,53,19600,209,1601,209,30,73,32,37,19,400,21863
948974,2016,8,Yorkshire and The Humber,195,Bradford,B6144,Minor,,,414825,434212,53.80401193,-1.77638276,,,Counted,Manual count,37,48,18116,199,1629,179,18,15,15,13,13,253,20245
948974,2017,8,Yorkshire and The Humber,195,Bradford,B6144,Minor,,,414825,434212,53.80401193,-1.77638276,,,Counted,Manual count,26,38,16918,172,1860,117,31,14,8,15,14,199,19187
948974,2018,8,Yorkshire and The Humber,195,Bradford,B6144,Minor,,,414825,434212,53.80401193,-1.77638276,,,Counted,Manual count,25,40,17751,193,1649,112,31,15,13,15,8,193,19826
948974,2019,8,Yorkshire and The Humber,195,Bradford,B6144,Minor,,,414825,434212,53.80401193,-1.77638276,,,Counted,Manual count,28,25,18759,187,1710,159,35,16,7,18,11,246,20927
948975,2008,8,Yorkshire and The Humber,195,Bradford,B6142,Minor,,,403854,437566,53.83435129,-1.94292463,,,Counted,Manual count,12,23,5642,119,644,63,7,5,3,2,0,80,6508
948976,2008,8,Yorkshire and The Humber,195,Bradford,B6144,Minor,,,412806,435466,53.8153358,-1.80698684,,,Counted,Manual count,3,26,12210,136,953,55,6,4,5,2,2,74,13399
948977,2009,8,Yorkshire and The Humber,195,Bradford,B6143,Minor,,,404255,439278,53.84973539,-1.93680861,,,Counted,Manual count,28,72,7769,170,990,40,4,0,0,2,0,46,9046
948977,2010,8,Yorkshire and The Humber,195,Bradford,B6143,Minor,,,404255,439278,53.84973539,-1.93680861,,,Counted,Manual count,18,72,7130,114,819,52,7,11,2,2,0,74,8209
948977,2011,8,Yorkshire and The Humber,195,Bradford,B6143,Minor,,,404255,439278,53.84973539,-1.93680861,,,Counted,Manual count,18,40,7954,106,1129,28,5,3,0,0,0,36,9265
948977,2012,8,Yorkshire and The Humber,195,Bradford,B6143,Minor,,,404255,439278,53.84973539,-1.93680861,,,Counted,Manual count,7,39,7079,115,899,41,3,2,1,1,0,47,8179
948977,2013,8,Yorkshire and The Humber,195,Bradford,B6143,Minor,,,404255,439278,53.84973539,-1.93680861,,,Counted,Manual count,4,9,6489,100,819,37,4,0,1,0,0,43,7461
948977,2014,8,Yorkshire and The Humber,195,Bradford,B6143,Minor,,,404255,439278,53.84973539,-1.93680861,,,Counted,Manual count,14,43,7223,116,959,91,7,3,5,1,1,107,8447
948977,2015,8,Yorkshire and The Humber,195,Bradford,B6143,Minor,,,404255,439278,53.84973539,-1.93680861,,,Counted,Manual count,11,32,7336,112,1023,86,6,0,12,0,0,104,8606
948977,2016,8,Yorkshire and The Humber,195,Bradford,B6143,Minor,,,404255,439278,53.84973539,-1.93680861,,,Estimated,Estimated using AADF from previous year on this link,11,33,7373,112,1068,88,6,0,12,0,0,106,8692
948977,2017,8,Yorkshire and The Humber,195,Bradford,B6143,Minor,,,404255,439278,53.84973539,-1.93680861,,,Counted,Manual count,16,14,7012,111,949,37,2,2,2,1,0,44,8130
948977,2018,8,Yorkshire and The Humber,195,Bradford,B6143,Minor,,,404255,439278,53.84973539,-1.93680861,,,Estimated,Estimated using AADF from previous year on this link,17,14,6917,106,1006,38,2,2,2,1,0,45,8087
948977,2019,8,Yorkshire and The Humber,195,Bradford,B6143,Minor,,,404228,439264,53.84960977,-1.93721921,,,Counted,Manual count,13,19,6933,93,1144,33,5,4,1,0,0,42,8232
948978,2008,8,Yorkshire and The Humber,195,Bradford,B6144,Minor,,,408897,435551,53.81618016,-1.86635409,,,Counted,Manual count,12,31,4769,31,685,74,13,6,1,3,4,101,5617
948980,2008,8,Yorkshire and The Humber,195,Bradford,B6265,Minor,,,402064,444464,53.89635928,-1.97007999,,,Counted,Manual count,124,97,9987,135,1084,104,4,2,1,0,1,112,11415
948980,2010,8,Yorkshire and The Humber,195,Bradford,B6265,Minor,,,402064,444464,53.89635928,-1.97007999,,,Counted,Manual count,97,68,8634,138,857,61,8,1,45,0,0,115,9812
948980,2011,8,Yorkshire and The Humber,195,Bradford,B6265,Minor,,,402064,444464,53.89635928,-1.97007999,,,Counted,Manual count,141,80,9430,151,904,94,11,1,0,1,0,107,10672
948980,2012,8,Yorkshire and The Humber,195,Bradford,B6265,Minor,,,402064,444464,53.89635928,-1.97007999,,,Counted,Manual count,159,65,9521,138,1150,116,5,7,6,0,1,135,11009
948980,2013,8,Yorkshire and The Humber,195,Bradford,B6265,Minor,,,402064,444464,53.89635928,-1.97007999,,,Counted,Manual count,240,60,9147,133,1036,62,4,3,0,1,0,70,10446
948980,2014,8,Yorkshire and The Humber,195,Bradford,B6265,Minor,,,402064,444464,53.89635928,-1.97007999,,,Counted,Manual count,183,44,10669,127,1069,167,5,8,17,1,1,198,12107
948980,2015,8,Yorkshire and The Humber,195,Bradford,B6265,Minor,,,402064,444464,53.89635928,-1.97007999,,,Counted,Manual count,196,64,9518,110,1083,80,10,5,6,1,0,102,10877
948980,2016,8,Yorkshire and The Humber,195,Bradford,B6265,Minor,,,402064,444464,53.89635928,-1.97007999,,,Counted,Manual count,219,68,9975,161,1090,76,23,94,28,1,2,225,11518
948980,2017,8,Yorkshire and The Humber,195,Bradford,B6265,Minor,,,402064,444464,53.89635928,-1.97007999,,,Counted,Manual count,120,57,9778,126,1324,74,9,4,0,5,1,93,11378
948980,2018,8,Yorkshire and The Humber,195,Bradford,B6265,Minor,,,402064,444464,53.89635928,-1.97007999,,,Counted,Manual count,251,59,9314,131,1175,77,15,19,2,1,1,115,10793
948980,2019,8,Yorkshire and The Humber,195,Bradford,B6265,Minor,,,402064,444464,53.89635928,-1.97007999,,,Counted,Manual count,211,48,10542,158,1290,51,9,6,0,1,1,68,12106
948981,2009,8,Yorkshire and The Humber,195,Bradford,B6265,Minor,,,407015,441981,53.87400062,-1.89479432,,,Counted,Manual count,92,98,9250,200,1301,123,7,12,6,6,3,157,11006
948982,2008,8,Yorkshire and The Humber,195,Bradford,B6145,Minor,,,415969,433004,53.79312109,-1.75907458,,,Counted,Manual count,62,96,14573,272,2174,391,48,23,47,85,37,631,17746
948983,2009,8,Yorkshire and The Humber,195,Bradford,C,Minor,,,402799,440924,53.86453901,-1.9589261,,,Counted,Manual count,3,14,1229,0,191,18,0,0,0,0,0,18,1453
948983,2010,8,Yorkshire and The Humber,195,Bradford,C,Minor,,,402799,440924,53.86453901,-1.9589261,,,Counted,Manual count,0,20,1015,0,200,9,1,0,0,0,0,10,1245
948983,2011,8,Yorkshire and The Humber,195,Bradford,C,Minor,,,402799,440924,53.86453901,-1.9589261,,,Counted,Manual count,9,21,1171,0,187,10,0,0,0,0,0,10,1389
948983,2012,8,Yorkshire and The Humber,195,Bradford,C,Minor,,,402799,440924,53.86453901,-1.9589261,,,Counted,Manual count,6,14,1134,0,263,7,0,0,0,0,0,7,1418
948983,2013,8,Yorkshire and The Humber,195,Bradford,C,Minor,,,402799,440924,53.86453901,-1.9589261,,,Counted,Manual count,14,17,1137,0,177,17,2,0,1,0,0,20,1352
948983,2014,8,Yorkshire and The Humber,195,Bradford,C,Minor,,,402799,440924,53.86453901,-1.9589261,,,Counted,Manual count,13,32,1128,0,191,28,0,0,0,0,0,28,1379
948983,2015,8,Yorkshire and The Humber,195,Bradford,C,Minor,,,402799,440924,53.86453901,-1.9589261,,,Counted,Manual count,11,14,1323,0,237,11,2,0,2,0,0,15,1589
948983,2016,8,Yorkshire and The Humber,195,Bradford,C,Minor,,,402799,440924,53.86453901,-1.9589261,,,Counted,Manual count,3,20,1368,0,270,7,0,0,5,0,0,12,1670
948983,2017,8,Yorkshire and The Humber,195,Bradford,C,Minor,,,402799,440924,53.86453901,-1.9589261,,,Counted,Manual count,1,2,1327,0,239,1,0,0,0,0,0,1,1569
948983,2018,8,Yorkshire and The Humber,195,Bradford,C,Minor,,,402799,440924,53.86453901,-1.9589261,,,Estimated,Estimated using AADF from previous year on this link,1,2,1314,0,246,1,0,0,0,0,0,1,1563
948983,2019,8,Yorkshire and The Humber,195,Bradford,C,Minor,,,402799,440924,53.86453901,-1.9589261,,,Estimated,Estimated using AADF from previous year on this link,1,2,1318,0,244,1,0,0,0,0,0,1,1565
948984,2008,8,Yorkshire and The Humber,195,Bradford,C,Minor,,,416907,433376,53.79643524,-1.74481584,,,Counted,Manual count,17,22,7206,450,568,16,1,3,2,0,0,22,8268
948985,2009,8,Yorkshire and The Humber,195,Bradford,C,Minor,,,415622,430131,53.76730943,-1.76448615,,,Counted,Manual count,8,36,2316,7,305,13,3,0,2,0,0,18,2681
948985,2010,8,Yorkshire and The Humber,195,Bradford,C,Minor,,,415622,430131,53.76730943,-1.76448615,,,Counted,Manual count,9,21,2005,8,297,7,2,0,0,0,0,9,2340
948985,2011,8,Yorkshire and The Humber,195,Bradford,C,Minor,,,415622,430131,53.76730943,-1.76448615,,,Counted,Manual count,17,9,2115,8,316,5,3,0,0,1,0,9,2457
948985,2012,8,Yorkshire and The Humber,195,Bradford,C,Minor,,,415622,430131,53.76730943,-1.76448615,,,Counted,Manual count,21,25,1927,8,296,15,2,2,1,0,1,20,2277
948985,2013,8,Yorkshire and The Humber,195,Bradford,C,Minor,,,415622,430131,53.76730943,-1.76448615,,,Counted,Manual count,4,10,1950,5,274,4,5,1,0,0,0,10,2250
948985,2014,8,Yorkshire and The Humber,195,Bradford,C,Minor,,,415622,430131,53.76730943,-1.76448615,,,Counted,Manual count,15,20,2127,4,292,20,0,0,0,0,0,20,2462
948985,2015,8,Yorkshire and The Humber,195,Bradford,C,Minor,,,415622,430131,53.76730943,-1.76448615,,,Counted,Manual count,11,14,1819,0,351,3,0,0,1,0,1,4,2188
948985,2016,8,Yorkshire and The Humber,195,Bradford,C,Minor,,,415622,430131,53.76730943,-1.76448615,,,Counted,Manual count,11,4,1968,2,294,2,5,1,0,0,0,7,2275
948985,2017,8,Yorkshire and The Humber,195,Bradford,C,Minor,,,415622,430131,53.76730943,-1.76448615,,,Counted,Manual count,9,4,1803,1,282,7,3,0,0,1,0,10,2100
948985,2018,8,Yorkshire and The Humber,195,Bradford,C,Minor,,,415622,430131,53.76730943,-1.76448615,,,Counted,Manual count,12,9,1812,1,269,4,2,0,0,0,0,5,2096
948985,2019,8,Yorkshire and The Humber,195,Bradford,C,Minor,,,415631,430141,53.76739904,-1.76434912,,,Counted,Manual count,16,6,1785,1,275,4,2,0,0,0,0,6,2073
948986,2008,8,Yorkshire and The Humber,195,Bradford,C,Minor,,,405151,441075,53.86587883,-1.92315944,,,Counted,Manual count,4,17,818,41,140,31,0,0,2,0,0,33,1049
948986,2010,8,Yorkshire and The Humber,195,Bradford,C,Minor,,,405151,441075,53.86587883,-1.92315944,,,Counted,Manual count,1,13,774,37,123,5,2,0,0,0,0,7,954
948986,2011,8,Yorkshire and The Humber,195,Bradford,C,Minor,,,405151,441075,53.86587883,-1.92315944,,,Counted,Manual count,5,24,837,37,117,16,5,2,1,0,0,24,1039
948986,2012,8,Yorkshire and The Humber,195,Bradford,C,Minor,,,405151,441075,53.86587883,-1.92315944,,,Counted,Manual count,15,9,889,39,120,15,1,4,1,0,5,26,1083
948986,2013,8,Yorkshire and The Humber,195,Bradford,C,Minor,,,405151,441075,53.86587883,-1.92315944,,,Counted,Manual count,5,7,932,46,178,16,3,5,0,11,2,38,1202
948986,2014,8,Yorkshire and The Humber,195,Bradford,C,Minor,,,405151,441075,53.86587883,-1.92315944,,,Counted,Manual count,15,11,880,41,164,21,2,7,0,1,2,33,1129
948986,2015,8,Yorkshire and The Humber,195,Bradford,C,Minor,,,405151,441075,53.86587883,-1.92315944,,,Counted,Manual count,8,8,946,41,158,36,0,0,7,0,2,45,1199
948986,2016,8,Yorkshire and The Humber,195,Bradford,C,Minor,,,405151,441075,53.86587883,-1.92315944,,,Counted,Manual count,8,7,939,40,194,8,5,7,2,0,1,23,1203
948986,2017,8,Yorkshire and The Humber,195,Bradford,C,Minor,,,405151,441075,53.86587883,-1.92315944,,,Counted,Manual count,2,14,858,45,139,21,2,6,1,1,1,31,1088
948986,2018,8,Yorkshire and The Humber,195,Bradford,C,Minor,,,405151,441075,53.86587883,-1.92315944,,,Counted,Manual count,1,0,974,48,173,7,2,4,0,0,0,13,1207
948986,2019,8,Yorkshire and The Humber,195,Bradford,C,Minor,,,405151,441075,53.86587883,-1.92315944,,,Counted,Manual count,13,2,899,45,174,15,1,2,0,0,0,17,1138
948987,2009,8,Yorkshire and The Humber,195,Bradford,C,Minor,,,413541,434584,53.80739003,-1.79586245,,,Counted,Manual count,3,24,4418,123,316,11,2,0,0,0,0,13,4894
948987,2010,8,Yorkshire and The Humber,195,Bradford,C,Minor,,,413541,434584,53.80739003,-1.79586245,,,Counted,Manual count,4,15,5625,128,292,10,11,0,0,0,0,21,6081
948987,2011,8,Yorkshire and The Humber,195,Bradford,C,Minor,,,413541,434584,53.80739003,-1.79586245,,,Counted,Manual count,9,25,5375,146,339,25,4,1,1,0,0,31,5916
948987,2012,8,Yorkshire and The Humber,195,Bradford,C,Minor,,,413541,434584,53.80739003,-1.79586245,,,Counted,Manual count,27,3,5348,158,321,35,5,0,0,0,0,40,5871
948987,2013,8,Yorkshire and The Humber,195,Bradford,C,Minor,,,413541,434584,53.80739003,-1.79586245,,,Counted,Manual count,3,10,5109,187,273,21,6,2,0,0,0,28,5607
948987,2014,8,Yorkshire and The Humber,195,Bradford,C,Minor,,,413541,434584,53.80739003,-1.79586245,,,Counted,Manual count,8,11,6562,178,442,73,3,0,0,3,0,80,7274
948987,2015,8,Yorkshire and The Humber,195,Bradford,C,Minor,,,413541,434584,53.80739003,-1.79586245,,,Counted,Manual count,16,17,5978,155,330,43,7,9,0,0,0,58,6537
948987,2016,8,Yorkshire and The Humber,195,Bradford,C,Minor,,,413541,434584,53.80739003,-1.79586245,,,Counted,Manual count,25,16,6335,155,457,40,6,24,0,0,1,70,7033
948987,2017,8,Yorkshire and The Humber,195,Bradford,C,Minor,,,413541,434584,53.80739003,-1.79586245,,,Counted,Manual count,24,17,6629,125,369,24,5,0,0,0,0,29,7169
948987,2018,8,Yorkshire and The Humber,195,Bradford,C,Minor,,,413541,434584,53.80739003,-1.79586245,,,Counted,Manual count,26,25,6852,144,378,47,6,2,0,1,0,56,7455
948987,2019,8,Yorkshire and The Humber,195,Bradford,C,Minor,,,413541,434584,53.80739003,-1.79586245,,,Estimated,Estimated using AADF from previous year on this link,30,23,6872,145,375,45,7,2,0,1,0,54,7470
948988,2008,8,Yorkshire and The Humber,195,Bradford,C,Minor,,,409346,436065,53.82079221,-1.85951894,,,Counted,Manual count,16,55,6556,68,833,71,6,0,1,2,1,81,7593
948989,2009,8,Yorkshire and The Humber,195,Bradford,C,Minor,,,413053,434404,53.80578453,-1.8032802,,,Counted,Manual count,15,43,9583,186,723,51,13,6,5,0,2,76,10611
948989,2010,8,Yorkshire and The Humber,195,Bradford,C,Minor,,,413053,434404,53.80578453,-1.8032802,,,Counted,Manual count,28,22,9199,145,702,45,11,2,0,0,0,58,10126
948989,2011,8,Yorkshire and The Humber,195,Bradford,C,Minor,,,413053,434404,53.80578453,-1.8032802,,,Counted,Manual count,16,24,9078,175,602,30,10,3,6,2,1,52,9931
948989,2012,8,Yorkshire and The Humber,195,Bradford,C,Minor,,,413053,434404,53.80578453,-1.8032802,,,Counted,Manual count,20,20,8962,190,635,49,4,14,5,1,3,75,9882
948989,2013,8,Yorkshire and The Humber,195,Bradford,C,Minor,,,413053,434404,53.80578453,-1.8032802,,,Counted,Manual count,5,10,9455,158,664,35,6,3,0,1,4,49,10336
948989,2014,8,Yorkshire and The Humber,195,Bradford,C,Minor,,,413053,434404,53.80578453,-1.8032802,,,Counted,Manual count,20,33,8725,176,616,74,3,1,4,3,2,86,9637
948989,2015,8,Yorkshire and The Humber,195,Bradford,C,Minor,,,413053,434404,53.80578453,-1.8032802,,,Counted,Manual count,28,39,8914,165,573,85,4,3,1,4,2,98,9788
948989,2016,8,Yorkshire and The Humber,195,Bradford,C,Minor,,,413053,434404,53.80578453,-1.8032802,,,Estimated,Estimated using AADF from previous year on this link,27,38,8936,166,602,90,3,4,1,4,2,105,9847
948989,2017,8,Yorkshire and The Humber,195,Bradford,C,Minor,,,413053,434404,53.80578453,-1.8032802,,,Estimated,Estimated using AADF from previous year on this link,27,38,8885,158,641,93,3,4,1,4,2,107,9830
948990,2008,8,Yorkshire and The Humber,195,Bradford,C,Minor,,,414403,438287,53.84064926,-1.78260042,,,Counted,Manual count,28,17,2284,117,242,16,4,6,0,1,0,27,2687
948991,2009,8,Yorkshire and The Humber,195,Bradford,C,Minor,,,403774,446261,53.91250124,-1.94403672,,,Counted,Manual count,5,22,1982,34,283,15,2,0,0,0,1,18,2339
948992,2008,8,Yorkshire and The Humber,195,Bradford,U,Minor,,,420984,431095,53.77578689,-1.68307746,,,Counted,Manual count,5,10,36,0,23,4,0,0,0,0,0,4,73
948993,2009,8,Yorkshire and The Humber,195,Bradford,U,Minor,,,405407,438690,53.84444015,-1.91930763,,,Counted,Manual count,1,0,90,4,6,0,0,0,0,0,0,0,100
948994,2008,8,Yorkshire and The Humber,195,Bradford,U,Minor,,,420070,440193,53.85759329,-1.69635658,,,Counted,Manual count,13,10,1181,1,113,4,0,0,0,0,0,4,1309
948995,2009,8,Yorkshire and The Humber,195,Bradford,U,Minor,,,409459,429288,53.75987944,-1.85800767,,,Counted,Manual count,3,0,130,1,51,3,0,0,0,0,0,3,185
948998,2008,8,Yorkshire and The Humber,195,Bradford,U,Minor,,,400583,444193,53.89392706,-1.99261727,,,Counted,Manual count,8,15,2932,76,372,20,1,1,0,0,0,22,3417
948998,2010,8,Yorkshire and The Humber,195,Bradford,U,Minor,,,400583,444193,53.89392706,-1.99261727,,,Counted,Manual count,15,27,2872,76,451,30,2,0,0,0,0,32,3458
948998,2011,8,Yorkshire and The Humber,195,Bradford,U,Minor,,,400583,444193,53.89392706,-1.99261727,,,Counted,Manual count,22,17,2723,63,436,24,1,1,0,0,0,26,3265
948998,2012,8,Yorkshire and The Humber,195,Bradford,U,Minor,,,400583,444193,53.89392706,-1.99261727,,,Counted,Manual count,40,14,2669,93,429,21,0,0,0,0,0,21,3226
948998,2013,8,Yorkshire and The Humber,195,Bradford,U,Minor,,,400583,444193,53.89392706,-1.99261727,,,Counted,Manual count,28,30,3040,65,486,21,0,0,1,0,0,22,3643
948998,2014,8,Yorkshire and The Humber,195,Bradford,U,Minor,,,400583,444193,53.89392706,-1.99261727,,,Counted,Manual count,44,11,3025,71,374,52,0,2,11,1,0,65,3546
948999,2009,8,Yorkshire and The Humber,195,Bradford,U,Minor,,,413617,447697,53.92524518,-1.79413143,,,Counted,Manual count,6,0,103,0,2,0,2,0,0,0,0,2,107
949000,2008,8,Yorkshire and The Humber,195,Bradford,U,Minor,,,411046,439930,53.85549768,-1.83355885,,,Counted,Manual count,15,3,228,0,54,6,0,0,0,0,0,6,291
949002,2008,8,Yorkshire and The Humber,195,Bradford,U,Minor,,,412193,435659,53.81708505,-1.81628916,,,Counted,Manual count,3,1,1336,2,61,9,0,0,0,0,0,9,1409
949003,2009,8,Yorkshire and The Humber,195,Bradford,U,Minor,,,402883,439038,53.84758743,-1.95766576,,,Counted,Manual count,4,2,233,3,26,0,0,0,0,0,0,0,263
949004,2008,8,Yorkshire and The Humber,195,Bradford,U,Minor,,,418517,434034,53.80229495,-1.7203355,,,Counted,Manual count,4,5,1208,31,49,1,3,0,0,0,0,4,1297
949004,2010,8,Yorkshire and The Humber,195,Bradford,U,Minor,,,418517,434034,53.80229495,-1.7203355,,,Counted,Manual count,6,1,1158,18,72,2,0,0,0,0,0,2,1251
949004,2011,8,Yorkshire and The Humber,195,Bradford,U,Minor,,,418517,434034,53.80229495,-1.7203355,,,Counted,Manual count,3,1,1202,26,61,2,2,0,0,0,0,4,1294
949004,2012,8,Yorkshire and The Humber,195,Bradford,U,Minor,,,418517,434034,53.80229495,-1.7203355,,,Counted,Manual count,2,0,1115,20,63,2,0,0,0,0,0,2,1200
949004,2013,8,Yorkshire and The Humber,195,Bradford,U,Minor,,,418517,434034,53.80229495,-1.7203355,,,Counted,Manual count,6,0,1122,14,82,2,0,0,0,0,0,2,1220
949004,2014,8,Yorkshire and The Humber,195,Bradford,U,Minor,,,418517,434034,53.80229495,-1.7203355,,,Estimated,Estimated using AADF from previous year on this link,6,0,1142,15,88,2,0,0,0,0,0,2,1247
949004,2015,8,Yorkshire and The Humber,195,Bradford,U,Minor,,,418517,434034,53.80229495,-1.7203355,,,Estimated,Estimated using AADF from previous year on this link,6,0,1150,15,90,2,0,0,0,0,0,2,1257
949004,2016,8,Yorkshire and The Humber,195,Bradford,U,Minor,,,418517,434034,53.80229495,-1.7203355,,,Estimated,Estimated using AADF from previous year on this link,5,0,1153,15,95,2,0,0,0,0,0,2,1265
949004,2017,8,Yorkshire and The Humber,195,Bradford,U,Minor,,,418517,434034,53.80229495,-1.7203355,,,Estimated,Estimated using AADF from previous year on this link,5,0,1146,14,101,2,0,0,0,0,0,2,1263
949005,2009,8,Yorkshire and The Humber,195,Bradford,U,Minor,,,403356,436729,53.82683186,-1.95050037,,,Counted,Manual count,3,0,36,0,18,13,0,0,0,0,0,13,67
949005,2013,8,Yorkshire and The Humber,195,Bradford,U,Minor,,,403356,436729,53.82683186,-1.95050037,,,Estimated,Estimated using AADF from previous year on this link,5,0,41,0,20,7,0,0,0,0,0,7,68
949005,2014,8,Yorkshire and The Humber,195,Bradford,U,Minor,,,403356,436729,53.82683186,-1.95050037,,,Estimated,Estimated using AADF from previous year on this link,5,0,42,0,21,7,0,0,0,0,0,7,70
949005,2015,8,Yorkshire and The Humber,195,Bradford,U,Minor,,,403356,436729,53.82683186,-1.95050037,,,Estimated,Estimated using AADF from previous year on this link,5,0,42,0,22,7,0,0,0,0,0,7,71
949005,2016,8,Yorkshire and The Humber,195,Bradford,U,Minor,,,403356,436729,53.82683186,-1.95050037,,,Estimated,Estimated using AADF from previous year on this link,5,0,42,0,23,7,0,0,0,0,0,7,72
949005,2017,8,Yorkshire and The Humber,195,Bradford,U,Minor,,,403356,436729,53.82683186,-1.95050037,,,Estimated,Estimated using AADF from previous year on this link,5,0,42,0,24,7,0,0,0,0,0,7,74
949006,2008,8,Yorkshire and The Humber,195,Bradford,U,Minor,,,418941,432134,53.78520292,-1.71401358,,,Counted,Manual count,4,0,207,0,11,0,0,0,0,0,0,0,218
949006,2010,8,Yorkshire and The Humber,195,Bradford,U,Minor,,,418941,432134,53.78520292,-1.71401358,,,Counted,Manual count,2,0,218,0,23,0,0,0,0,0,0,0,241
949006,2011,8,Yorkshire and The Humber,195,Bradford,U,Minor,,,418941,432134,53.78520292,-1.71401358,,,Counted,Manual count,3,0,222,1,8,0,0,0,0,0,0,0,231
949006,2012,8,Yorkshire and The Humber,195,Bradford,U,Minor,,,418941,432134,53.78520292,-1.71401358,,,Counted,Manual count,0,6,227,0,15,2,0,0,0,0,0,2,250
949006,2013,8,Yorkshire and The Humber,195,Bradford,U,Minor,,,418941,432134,53.78520292,-1.71401358,,,Estimated,Estimated using AADF from previous year on this link,0,6,229,0,16,2,0,0,0,0,0,2,253
949006,2014,8,Yorkshire and The Humber,195,Bradford,U,Minor,,,418941,432134,53.78520292,-1.71401358,,,Counted,Manual count,6,0,132,0,10,4,0,0,0,0,0,4,146
949006,2015,8,Yorkshire and The Humber,195,Bradford,U,Minor,,,418941,432134,53.78520292,-1.71401358,,,Counted,Manual count,3,0,152,0,11,0,2,0,0,0,0,2,165
949006,2016,8,Yorkshire and The Humber,195,Bradford,U,Minor,,,418941,432134,53.78520292,-1.71401358,,,Counted,Manual count,0,0,151,0,24,0,2,0,0,0,0,2,177
949006,2017,8,Yorkshire and The Humber,195,Bradford,U,Minor,,,418941,432134,53.78520292,-1.71401358,,,Counted,Manual count,2,0,154,0,10,0,2,0,0,0,0,2,166
949006,2018,8,Yorkshire and The Humber,195,Bradford,U,Minor,,,418941,432134,53.78520292,-1.71401358,,,Counted,Manual count,5,3,126,0,20,0,2,0,0,0,0,2,150
949006,2019,8,Yorkshire and The Humber,195,Bradford,U,Minor,,,418941,432134,53.78520292,-1.71401358,,,Counted,Manual count,0,4,158,0,34,0,2,0,0,0,0,2,197
949007,2009,8,Yorkshire and The Humber,195,Bradford,U,Minor,,,414380,431500,53.77964922,-1.78326464,,,Counted,Manual count,12,1,996,8,142,8,1,2,0,0,0,11,1157
949007,2010,8,Yorkshire and The Humber,195,Bradford,U,Minor,,,414266,431458,53.77927484,-1.78499651,,,Counted,Manual count,4,3,1046,10,137,9,1,0,0,0,0,10,1206
949007,2011,8,Yorkshire and The Humber,195,Bradford,U,Minor,,,414266,431458,53.77927484,-1.78499651,,,Counted,Manual count,17,2,1035,9,170,10,0,0,0,0,1,11,1227
949007,2012,8,Yorkshire and The Humber,195,Bradford,U,Minor,,,414266,431458,53.77927484,-1.78499651,,,Counted,Manual count,9,4,1222,10,146,16,3,1,0,0,0,20,1402
949007,2013,8,Yorkshire and The Humber,195,Bradford,U,Minor,,,414266,431458,53.77927484,-1.78499651,,,Counted,Manual count,9,5,1336,16,193,16,1,0,0,0,0,17,1567
949007,2014,8,Yorkshire and The Humber,195,Bradford,U,Minor,,,414266,431458,53.77927484,-1.78499651,,,Counted,Manual count,18,0,1299,16,193,31,1,27,0,2,0,61,1568
949007,2015,8,Yorkshire and The Humber,195,Bradford,U,Minor,,,414266,431458,53.77927484,-1.78499651,,,Counted,Manual count,14,0,1124,11,136,13,1,0,0,2,0,16,1287
949007,2016,8,Yorkshire and The Humber,195,Bradford,U,Minor,,,414266,431458,53.77927484,-1.78499651,,,Counted,Manual count,25,10,1094,10,206,13,0,0,0,0,0,13,1333
949007,2017,8,Yorkshire and The Humber,195,Bradford,U,Minor,,,414266,431458,53.77927484,-1.78499651,,,Counted,Manual count,16,11,1274,11,169,5,4,0,0,0,0,9,1473
949007,2018,8,Yorkshire and The Humber,195,Bradford,U,Minor,,,414258,431438,53.7790953,-1.78511882,,,Counted,Manual count,15,0,1265,7,210,6,0,0,0,0,0,6,1489
949007,2019,8,Yorkshire and The Humber,195,Bradford,U,Minor,,,414258,431438,53.7790953,-1.78511882,,,Counted,Manual count,19,0,1219,10,181,6,0,0,0,0,0,6,1415
949008,2008,8,Yorkshire and The Humber,195,Bradford,U,Minor,,,415594,438527,53.84277227,-1.76448909,,,Counted,Manual count,7,6,1480,10,118,11,0,1,0,0,0,12,1626
949009,2009,8,Yorkshire and The Humber,195,Bradford,U,Minor,,,418339,433183,53.79465254,-1.72308822,,,Counted,Manual count,9,3,3461,3,241,28,1,0,0,0,0,29,3738
949009,2010,8,Yorkshire and The Humber,195,Bradford,U,Minor,,,418339,433183,53.79465254,-1.72308822,,,Counted,Manual count,33,6,2902,18,248,12,2,0,0,0,0,14,3188
949009,2011,8,Yorkshire and The Humber,195,Bradford,U,Minor,,,418339,433183,53.79465254,-1.72308822,,,Counted,Manual count,12,7,3093,2,271,26,2,0,0,0,0,28,3401
949009,2012,8,Yorkshire and The Humber,195,Bradford,U,Minor,,,418339,433183,53.79465254,-1.72308822,,,Counted,Manual count,5,0,3102,6,228,6,1,1,0,0,0,8,3343
949009,2013,8,Yorkshire and The Humber,195,Bradford,U,Minor,,,418339,433183,53.79465254,-1.72308822,,,Counted,Manual count,22,6,2709,8,233,28,0,0,0,0,0,28,2986
949009,2014,8,Yorkshire and The Humber,195,Bradford,U,Minor,,,418339,433183,53.79465254,-1.72308822,,,Counted,Manual count,9,0,2709,1,206,24,1,0,0,0,0,25,2941
949009,2015,8,Yorkshire and The Humber,195,Bradford,U,Minor,,,418339,433183,53.79465254,-1.72308822,,,Counted,Manual count,10,8,3009,0,217,13,0,0,0,0,0,13,3246
949009,2016,8,Yorkshire and The Humber,195,Bradford,U,Minor,,,418339,433183,53.79465254,-1.72308822,,,Counted,Manual count,21,5,2762,1,185,2,4,0,0,0,0,5,2958
949009,2017,8,Yorkshire and The Humber,195,Bradford,U,Minor,,,418339,433183,53.79465254,-1.72308822,,,Counted,Manual count,13,9,3022,3,241,22,3,0,0,0,0,25,3300
949009,2018,8,Yorkshire and The Humber,195,Bradford,U,Minor,,,418339,433183,53.79465254,-1.72308822,,,Counted,Manual count,37,17,3141,0,288,10,1,0,0,0,0,11,3457
949009,2019,8,Yorkshire and The Humber,195,Bradford,U,Minor,,,418339,433183,53.79465254,-1.72308822,,,Counted,Manual count,22,4,2812,4,278,2,1,0,0,0,0,3,3100
949010,2008,8,Yorkshire and The Humber,195,Bradford,U,Minor,,,405538,441304,53.86793321,-1.91727051,,,Counted,Manual count,0,0,48,0,4,0,0,0,0,0,0,0,52
949011,2009,8,Yorkshire and The Humber,195,Bradford,U,Minor,,,415527,429968,53.76584722,-1.76593548,,,Counted,Manual count,3,2,578,5,64,9,1,0,0,0,0,10,659
949011,2010,8,Yorkshire and The Humber,195,Bradford,U,Minor,,,415527,429968,53.76584722,-1.76593548,,,Counted,Manual count,1,4,547,4,59,1,0,0,0,0,0,1,615
949011,2011,8,Yorkshire and The Humber,195,Bradford,U,Minor,,,415527,429968,53.76584722,-1.76593548,,,Counted,Manual count,5,12,633,5,71,4,0,0,0,0,0,4,725
949011,2012,8,Yorkshire and The Humber,195,Bradford,U,Minor,,,415527,429968,53.76584722,-1.76593548,,,Counted,Manual count,9,4,603,10,108,3,0,0,0,0,0,3,727
949011,2013,8,Yorkshire and The Humber,195,Bradford,U,Minor,,,415527,429968,53.76584722,-1.76593548,,,Counted,Manual count,0,9,551,3,92,4,0,0,0,0,0,4,659
949011,2014,8,Yorkshire and The Humber,195,Bradford,U,Minor,,,415527,429968,53.76584722,-1.76593548,,,Counted,Manual count,7,5,640,0,82,11,0,0,0,0,0,11,739
949011,2015,8,Yorkshire and The Humber,195,Bradford,U,Minor,,,415527,429968,53.76584722,-1.76593548,,,Counted,Manual count,8,2,638,0,75,8,0,0,0,0,0,8,722
949011,2016,8,Yorkshire and The Humber,195,Bradford,U,Minor,,,415527,429968,53.76584722,-1.76593548,,,Counted,Manual count,5,6,612,0,111,2,0,0,0,0,0,2,731
949011,2017,8,Yorkshire and The Humber,195,Bradford,U,Minor,,,415527,429968,53.76584722,-1.76593548,,,Counted,Manual count,4,0,664,2,112,4,0,2,0,0,0,6,783
949011,2018,8,Yorkshire and The Humber,195,Bradford,U,Minor,,,415527,429968,53.76584722,-1.76593548,,,Counted,Manual count,16,5,673,0,100,2,2,0,0,0,0,4,782
949011,2019,8,Yorkshire and The Humber,195,Bradford,U,Minor,,,415527,429968,53.76584722,-1.76593548,,,Counted,Manual count,5,0,675,0,88,4,1,0,0,0,0,5,767
949012,2008,8,Yorkshire and The Humber,195,Bradford,U,Minor,,,416820,433199,53.79484718,-1.74614614,,,Counted,Manual count,6,5,1143,0,137,16,1,0,0,0,0,17,1302
949013,2009,8,Yorkshire and The Humber,195,Bradford,U,Minor,,,405325,442338,53.87722884,-1.92049206,,,Counted,Manual count,4,0,109,0,38,1,0,0,0,0,0,1,149
949014,2008,8,Yorkshire and The Humber,195,Bradford,U,Minor,,,416400,428310,53.75091878,-1.75277995,,,Counted,Manual count,3,0,221,0,44,0,0,0,0,0,0,0,265
949015,2009,8,Yorkshire and The Humber,195,Bradford,U,Minor,,,415460,430889,53.77412701,-1.76690609,,,Counted,Manual count,5,4,3022,120,244,30,2,1,0,2,0,34,3425
949016,2008,8,Yorkshire and The Humber,195,Bradford,U,Minor,,,412312,430288,53.76880836,-1.81469431,,,Counted,Manual count,3,16,1152,2,88,4,0,0,0,0,0,4,1262
949018,2008,8,Yorkshire and The Humber,195,Bradford,U,Minor,,,405392,441167,53.86670335,-1.91949311,,,Counted,Manual count,7,12,1597,4,91,18,2,0,0,0,1,21,1725
949018,2010,8,Yorkshire and The Humber,195,Bradford,U,Minor,,,405392,441167,53.86670335,-1.91949311,,,Counted,Manual count,2,7,1569,2,114,9,2,0,0,1,0,12,1704
949018,2011,8,Yorkshire and The Humber,195,Bradford,U,Minor,,,405392,441167,53.86670335,-1.91949311,,,Counted,Manual count,2,10,1441,0,154,13,1,0,0,0,0,14,1619
949018,2012,8,Yorkshire and The Humber,195,Bradford,U,Minor,,,405392,441167,53.86670335,-1.91949311,,,Counted,Manual count,1,8,1477,1,132,19,1,0,0,0,0,20,1638
949018,2013,8,Yorkshire and The Humber,195,Bradford,U,Minor,,,405392,441167,53.86670335,-1.91949311,,,Counted,Manual count,1,2,1325,1,126,8,1,0,0,0,0,9,1464
949018,2014,8,Yorkshire and The Humber,195,Bradford,U,Minor,,,405392,441167,53.86670335,-1.91949311,,,Counted,Manual count,2,4,1618,6,140,18,2,2,0,0,1,22,1791
949018,2015,8,Yorkshire and The Humber,195,Bradford,U,Minor,,,405392,441167,53.86670335,-1.91949311,,,Counted,Manual count,3,7,1506,1,192,6,1,0,0,2,0,9,1715
949018,2016,8,Yorkshire and The Humber,195,Bradford,U,Minor,,,405392,441167,53.86670335,-1.91949311,,,Counted,Manual count,2,2,1066,6,117,16,0,3,0,0,0,18,1210
949018,2017,8,Yorkshire and The Humber,195,Bradford,U,Minor,,,405392,441167,53.86670335,-1.91949311,,,Counted,Manual count,4,1,1446,0,160,7,2,1,0,0,0,10,1617
949018,2018,8,Yorkshire and The Humber,195,Bradford,U,Minor,,,405392,441167,53.86670335,-1.91949311,,,Counted,Manual count,12,0,1408,0,189,8,4,0,0,0,0,12,1610
949018,2019,8,Yorkshire and The Humber,195,Bradford,U,Minor,,,405392,441167,53.86670335,-1.91949311,,,Counted,Manual count,6,10,1872,0,167,9,5,0,0,0,0,13,2062
949019,2008,8,Yorkshire and The Humber,195,Bradford,U,Minor,,,416908,430351,53.76924694,-1.74496508,,,Counted,Manual count,0,0,6,0,0,0,2,0,0,0,0,2,8
949019,2013,8,Yorkshire and The Humber,195,Bradford,U,Minor,,,416908,430351,53.76924694,-1.74496508,,,Estimated,Estimated using AADF from previous year on this link,0,0,6,0,0,0,2,0,0,0,0,2,8
949019,2014,8,Yorkshire and The Humber,195,Bradford,U,Minor,,,416908,430351,53.76924694,-1.74496508,,,Estimated,Estimated using AADF from previous year on this link,0,0,6,0,0,0,3,0,0,0,0,3,9
949019,2015,8,Yorkshire and The Humber,195,Bradford,U,Minor,,,416908,430351,53.76924694,-1.74496508,,,Estimated,Estimated using AADF from previous year on this link,0,0,6,0,0,0,3,0,0,0,0,3,9
949019,2016,8,Yorkshire and The Humber,195,Bradford,U,Minor,,,416908,430351,53.76924694,-1.74496508,,,Estimated,Estimated using AADF from previous year on this link,0,0,6,0,0,0,2,0,0,0,0,2,9
949019,2017,8,Yorkshire and The Humber,195,Bradford,U,Minor,,,416908,430351,53.76924694,-1.74496508,,,Estimated,Estimated using AADF from previous year on this link,0,0,6,0,0,0,2,0,0,0,0,2,9
949020,2008,8,Yorkshire and The Humber,195,Bradford,U,Minor,,,418919,433741,53.79964718,-1.71424977,,,Counted,Manual count,2,3,2206,9,142,6,1,2,0,0,0,9,2369
949021,2009,8,Yorkshire and The Humber,195,Bradford,U,Minor,,,414497,431417,53.77890002,-1.78149304,,,Counted,Manual count,5,1,140,1,25,4,0,0,0,0,0,4,170
949022,2008,8,Yorkshire and The Humber,195,Bradford,U,Minor,,,407571,442399,53.87774986,-1.88632778,,,Counted,Manual count,1,4,427,0,72,0,0,0,0,0,0,0,503
949022,2010,8,Yorkshire and The Humber,195,Bradford,U,Minor,,,407571,442399,53.87774986,-1.88632778,,,Counted,Manual count,4,25,484,4,51,1,0,0,0,0,0,1,565
949022,2011,8,Yorkshire and The Humber,195,Bradford,U,Minor,,,407571,442399,53.87774986,-1.88632778,,,Counted,Manual count,1,6,497,0,53,2,0,0,0,0,0,2,558
949022,2012,8,Yorkshire and The Humber,195,Bradford,U,Minor,,,407571,442399,53.87774986,-1.88632778,,,Counted,Manual count,4,0,443,5,53,0,0,0,0,0,0,0,501
949022,2013,8,Yorkshire and The Humber,195,Bradford,U,Minor,,,407571,442399,53.87774986,-1.88632778,,,Counted,Manual count,11,3,416,0,54,0,0,0,0,0,0,0,472
949022,2014,8,Yorkshire and The Humber,195,Bradford,U,Minor,,,407571,442399,53.87774986,-1.88632778,,,Counted,Manual count,2,4,430,4,43,4,0,0,0,0,0,4,485
949022,2015,8,Yorkshire and The Humber,195,Bradford,U,Minor,,,407571,442399,53.87774986,-1.88632778,,,Counted,Manual count,16,4,380,0,36,1,0,0,0,0,0,1,421
949022,2016,8,Yorkshire and The Humber,195,Bradford,U,Minor,,,407571,442399,53.87774986,-1.88632778,,,Counted,Manual count,19,3,421,0,34,0,0,0,0,0,0,0,458
949022,2017,8,Yorkshire and The Humber,195,Bradford,U,Minor,,,407571,442399,53.87774986,-1.88632778,,,Counted,Manual count,11,3,423,0,52,0,0,0,0,0,0,0,477
949022,2018,8,Yorkshire and The Humber,195,Bradford,U,Minor,,,407571,442399,53.87774986,-1.88632778,,,Counted,Manual count,7,3,413,0,41,0,0,0,0,0,0,0,458
949022,2019,8,Yorkshire and The Humber,195,Bradford,U,Minor,,,407571,442399,53.87774986,-1.88632778,,,Counted,Manual count,10,1,408,0,65,5,0,0,0,0,0,5,480
949023,2009,8,Yorkshire and The Humber,195,Bradford,U,Minor,,,417152,433108,53.79401856,-1.74111129,,,Counted,Manual count,1,3,3259,13,593,55,32,4,3,6,4,105,3973
949024,2008,8,Yorkshire and The Humber,195,Bradford,U,Minor,,,418163,437248,53.83119416,-1.72552233,,,Counted,Manual count,3,34,1303,20,183,16,3,0,0,0,0,19,1559
949024,2010,8,Yorkshire and The Humber,195,Bradford,U,Minor,,,418163,437248,53.83119416,-1.72552233,,,Counted,Manual count,3,15,1269,5,127,5,1,0,0,0,0,6,1422
949024,2011,8,Yorkshire and The Humber,195,Bradford,U,Minor,,,418163,437248,53.83119416,-1.72552233,,,Counted,Manual count,6,31,1645,62,183,5,0,0,0,0,0,5,1926
949024,2012,8,Yorkshire and The Humber,195,Bradford,U,Minor,,,418163,437248,53.83119416,-1.72552233,,,Counted,Manual count,12,24,1002,5,132,0,0,0,0,0,0,0,1163
949024,2013,8,Yorkshire and The Humber,195,Bradford,U,Minor,,,418163,437248,53.83119416,-1.72552233,,,Counted,Manual count,2,28,1120,6,128,18,0,3,0,0,0,20,1301
949024,2014,8,Yorkshire and The Humber,195,Bradford,U,Minor,,,418163,437248,53.83119416,-1.72552233,,,Counted,Manual count,5,5,1005,4,122,14,0,0,0,0,0,14,1150
949024,2015,8,Yorkshire and The Humber,195,Bradford,U,Minor,,,418163,437248,53.83119416,-1.72552233,,,Counted,Manual count,0,10,1155,4,155,0,2,1,0,0,0,3,1326
949024,2016,8,Yorkshire and The Humber,195,Bradford,U,Minor,,,418163,437248,53.83119416,-1.72552233,,,Counted,Manual count,7,37,1232,2,160,5,2,1,1,0,0,8,1439
949024,2017,8,Yorkshire and The Humber,195,Bradford,U,Minor,,,418163,437248,53.83119416,-1.72552233,,,Counted,Manual count,10,18,1291,2,169,6,0,0,0,0,0,6,1486
949024,2018,8,Yorkshire and The Humber,195,Bradford,U,Minor,,,418163,437248,53.83119416,-1.72552233,,,Counted,Manual count,15,8,1325,4,174,2,2,0,0,0,0,4,1514
949024,2019,8,Yorkshire and The Humber,195,Bradford,U,Minor,,,418163,437248,53.83119416,-1.72552233,,,Counted,Manual count,15,21,1352,2,225,2,0,1,0,0,0,3,1602
949025,2009,8,Yorkshire and The Humber,195,Bradford,U,Minor,,,413931,433437,53.79707076,-1.78999155,,,Counted,Manual count,1,7,577,3,206,18,2,0,0,1,2,23,815
949026,2008,8,Yorkshire and The Humber,195,Bradford,U,Minor,,,404946,443042,53.88355993,-1.92624574,,,Counted,Manual count,0,0,49,0,12,0,0,0,0,0,0,0,61
949027,2009,8,Yorkshire and The Humber,195,Bradford,U,Minor,,,412328,432149,53.78553439,-1.814378,,,Counted,Manual count,2,1,460,0,36,3,0,0,0,0,0,3,501
949028,2008,8,Yorkshire and The Humber,195,Bradford,U,Minor,,,418773,435722,53.81745729,-1.71634672,,,Counted,Manual count,4,2,587,4,79,2,2,0,0,0,0,4,676
949029,2009,8,Yorkshire and The Humber,195,Bradford,U,Minor,,,419225,431362,53.77825397,-1.70975104,,,Counted,Manual count,1,2,270,6,34,2,2,0,0,0,0,4,315
949029,2010,8,Yorkshire and The Humber,195,Bradford,U,Minor,,,419225,431362,53.77825397,-1.70975104,,,Counted,Manual count,3,8,292,4,59,0,0,0,0,0,0,0,363
949029,2011,8,Yorkshire and The Humber,195,Bradford,U,Minor,,,419225,431362,53.77825397,-1.70975104,,,Counted,Manual count,2,4,278,2,62,0,2,0,0,0,0,2,348
949029,2012,8,Yorkshire and The Humber,195,Bradford,U,Minor,,,419225,431362,53.77825397,-1.70975104,,,Counted,Manual count,8,0,254,0,69,0,4,0,0,0,0,4,326
949029,2013,8,Yorkshire and The Humber,195,Bradford,U,Minor,,,419225,431362,53.77825397,-1.70975104,,,Counted,Manual count,2,0,320,0,82,6,4,0,0,0,0,9,411
949029,2014,8,Yorkshire and The Humber,195,Bradford,U,Minor,,,419225,431362,53.77825397,-1.70975104,,,Counted,Manual count,3,0,224,3,77,4,1,0,0,0,0,4,308
949029,2015,8,Yorkshire and The Humber,195,Bradford,U,Minor,,,419225,431362,53.77825397,-1.70975104,,,Counted,Manual count,2,0,234,4,89,4,0,0,0,0,0,4,332
949029,2016,8,Yorkshire and The Humber,195,Bradford,U,Minor,,,419225,431362,53.77825397,-1.70975104,,,Counted,Manual count,5,0,252,0,59,2,0,0,0,0,0,2,313
949029,2017,8,Yorkshire and The Humber,195,Bradford,U,Minor,,,419225,431362,53.77825397,-1.70975104,,,Counted,Manual count,2,0,265,4,69,0,0,0,0,0,0,0,338
949029,2018,8,Yorkshire and The Humber,195,Bradford,U,Minor,,,419225,431362,53.77825397,-1.70975104,,,Counted,Manual count,39,0,242,0,48,0,0,0,0,0,0,0,290
949029,2019,8,Yorkshire and The Humber,195,Bradford,U,Minor,,,419225,431362,53.77825397,-1.70975104,,,Counted,Manual count,11,0,202,0,21,0,0,0,0,0,0,0,224
949030,2008,8,Yorkshire and The Humber,195,Bradford,U,Minor,,,415918,433717,53.79953099,-1.75981233,,,Counted,Manual count,0,1,941,0,62,1,0,0,0,0,0,1,1005
949031,2009,8,Yorkshire and The Humber,195,Bradford,U,Minor,,,405504,440324,53.85912541,-1.91780476,,,Counted,Manual count,20,2,627,32,31,3,0,0,0,0,0,3,695
949031,2010,8,Yorkshire and The Humber,195,Bradford,U,Minor,,,405504,440324,53.85912541,-1.91780476,,,Counted,Manual count,1,0,536,26,53,2,0,0,0,0,0,2,617
949031,2011,8,Yorkshire and The Humber,195,Bradford,U,Minor,,,405504,440324,53.85912541,-1.91780476,,,Counted,Manual count,0,3,575,36,64,1,0,0,0,0,0,1,679
949031,2012,8,Yorkshire and The Humber,195,Bradford,U,Minor,,,405504,440324,53.85912541,-1.91780476,,,Counted,Manual count,1,3,638,13,74,2,0,0,0,0,0,2,731
949031,2013,8,Yorkshire and The Humber,195,Bradford,U,Minor,,,405504,440324,53.85912541,-1.91780476,,,Counted,Manual count,9,7,511,35,50,0,0,0,0,0,0,0,603
949031,2014,8,Yorkshire and The Humber,195,Bradford,U,Minor,,,405504,440324,53.85912541,-1.91780476,,,Counted,Manual count,2,5,628,18,77,11,0,0,0,1,0,12,740
949031,2015,8,Yorkshire and The Humber,195,Bradford,U,Minor,,,405504,440324,53.85912541,-1.91780476,,,Counted,Manual count,5,7,607,22,52,6,0,0,0,0,0,6,694
949031,2016,8,Yorkshire and The Humber,195,Bradford,U,Minor,,,405504,440324,53.85912541,-1.91780476,,,Counted,Manual count,2,2,596,15,70,2,0,0,0,0,0,2,685
949031,2017,8,Yorkshire and The Humber,195,Bradford,U,Minor,,,405504,440324,53.85912541,-1.91780476,,,Counted,Manual count,0,0,624,12,62,0,1,0,0,0,0,1,699
949031,2018,8,Yorkshire and The Humber,195,Bradford,U,Minor,,,405504,440324,53.85912541,-1.91780476,,,Counted,Manual count,14,0,555,11,67,1,1,0,0,0,0,2,635
949031,2019,8,Yorkshire and The Humber,195,Bradford,U,Minor,,,405504,440324,53.85912541,-1.91780476,,,Counted,Manual count,6,0,621,12,83,2,2,0,0,0,0,4,720
949032,2008,8,Yorkshire and The Humber,195,Bradford,U,Minor,,,406307,442449,53.87821581,-1.90555309,,,Counted,Manual count,8,0,323,0,263,57,1,1,8,12,4,83,669
949032,2010,8,Yorkshire and The Humber,195,Bradford,U,Minor,,,406307,442449,53.87821581,-1.90555309,,,Counted,Manual count,8,0,364,0,258,32,4,3,4,12,2,57,679
949032,2011,8,Yorkshire and The Humber,195,Bradford,U,Minor,,,406307,442449,53.87821581,-1.90555309,,,Counted,Manual count,5,2,320,0,220,35,5,0,3,6,6,55,597
949032,2012,8,Yorkshire and The Humber,195,Bradford,U,Minor,,,406307,442449,53.87821581,-1.90555309,,,Counted,Manual count,0,8,340,0,227,32,6,1,3,6,2,49,625
949032,2013,8,Yorkshire and The Humber,195,Bradford,U,Minor,,,406307,442449,53.87821581,-1.90555309,,,Counted,Manual count,3,2,302,0,260,33,2,0,3,6,4,48,612
949032,2014,8,Yorkshire and The Humber,195,Bradford,U,Minor,,,406307,442449,53.87821581,-1.90555309,,,Counted,Manual count,2,3,315,0,331,45,2,0,3,3,2,54,703
949032,2015,8,Yorkshire and The Humber,195,Bradford,U,Minor,,,406307,442449,53.87821581,-1.90555309,,,Counted,Manual count,2,1,239,0,222,52,3,0,1,1,4,63,525
949032,2016,8,Yorkshire and The Humber,195,Bradford,U,Minor,,,406307,442449,53.87821581,-1.90555309,,,Counted,Manual count,1,1,294,0,350,51,1,0,0,2,1,55,701
949032,2017,8,Yorkshire and The Humber,195,Bradford,U,Minor,,,406307,442449,53.87821581,-1.90555309,,,Counted,Manual count,1,0,170,0,139,44,2,0,1,3,0,50,359
949032,2018,8,Yorkshire and The Humber,195,Bradford,U,Minor,,,406307,442449,53.87821581,-1.90555309,,,Counted,Manual count,0,0,178,0,171,45,8,0,0,1,0,54,403
949032,2019,8,Yorkshire and The Humber,195,Bradford,U,Minor,,,406307,442449,53.87821581,-1.90555309,,,Counted,Manual count,3,0,177,0,159,39,3,2,1,1,1,47,384
949033,2009,8,Yorkshire and The Humber,195,Bradford,U,Minor,,,413065,435117,53.81219262,-1.80306805,,,Counted,Manual count,1,4,2229,7,118,7,0,0,0,0,0,7,2364
949033,2010,8,Yorkshire and The Humber,195,Bradford,U,Minor,,,413065,435117,53.81219262,-1.80306805,,,Counted,Manual count,2,2,2094,3,112,11,2,0,0,0,0,13,2224
949033,2011,8,Yorkshire and The Humber,195,Bradford,U,Minor,,,413065,435117,53.81219262,-1.80306805,,,Counted,Manual count,2,12,2115,2,141,2,0,0,0,0,0,2,2272
949033,2012,8,Yorkshire and The Humber,195,Bradford,U,Minor,,,413065,435117,53.81219262,-1.80306805,,,Counted,Manual count,5,11,2227,14,130,5,3,0,0,0,0,7,2390
949033,2013,8,Yorkshire and The Humber,195,Bradford,U,Minor,,,413065,435117,53.81219262,-1.80306805,,,Counted,Manual count,5,6,1947,2,152,2,1,0,0,0,0,2,2109
949033,2014,8,Yorkshire and The Humber,195,Bradford,U,Minor,,,413065,435117,53.81219262,-1.80306805,,,Counted,Manual count,6,6,2322,3,88,8,1,0,0,0,0,9,2428
949033,2015,8,Yorkshire and The Humber,195,Bradford,U,Minor,,,413065,435117,53.81219262,-1.80306805,,,Counted,Manual count,6,4,2176,1,136,9,1,0,0,0,0,10,2328
949033,2016,8,Yorkshire and The Humber,195,Bradford,U,Minor,,,413065,435117,53.81219262,-1.80306805,,,Counted,Manual count,3,1,2205,5,127,1,0,0,0,0,0,1,2339
949033,2017,8,Yorkshire and The Humber,195,Bradford,U,Minor,,,413065,435117,53.81219262,-1.80306805,,,Counted,Manual count,12,8,2212,4,158,6,2,4,0,0,0,11,2392
949033,2018,8,Yorkshire and The Humber,195,Bradford,U,Minor,,,413065,435117,53.81219262,-1.80306805,,,Counted,Manual count,9,2,2140,3,185,5,0,0,0,0,0,5,2336
949033,2019,8,Yorkshire and The Humber,195,Bradford,U,Minor,,,413065,435117,53.81219262,-1.80306805,,,Counted,Manual count,1,0,1965,4,133,5,2,1,0,0,0,7,2109
949034,2008,8,Yorkshire and The Humber,195,Bradford,U,Minor,,,414698,434356,53.80530975,-1.77830429,,,Counted,Manual count,0,0,409,0,21,2,0,0,0,0,0,2,432
949036,2008,8,Yorkshire and The Humber,195,Bradford,U,Minor,,,405408,443005,53.88322292,-1.91921806,,,Counted,Manual count,1,0,113,0,34,5,0,0,0,0,0,5,152
949037,2009,8,Yorkshire and The Humber,195,Bradford,U,Minor,,,414192,431832,53.78263829,-1.78610239,,,Counted,Manual count,1,8,727,3,77,9,1,20,1,0,0,30,845
949037,2010,8,Yorkshire and The Humber,195,Bradford,U,Minor,,,414192,431832,53.78263829,-1.78610239,,,Counted,Manual count,0,1,565,5,52,2,0,0,0,0,0,2,625
949037,2011,8,Yorkshire and The Humber,195,Bradford,U,Minor,,,414192,431832,53.78263829,-1.78610239,,,Counted,Manual count,5,1,563,5,61,3,2,2,0,0,0,7,637
949037,2012,8,Yorkshire and The Humber,195,Bradford,U,Minor,,,414192,431832,53.78263829,-1.78610239,,,Counted,Manual count,5,1,651,3,43,2,1,0,0,0,0,3,700
949037,2013,8,Yorkshire and The Humber,195,Bradford,U,Minor,,,414192,431832,53.78263829,-1.78610239,,,Counted,Manual count,8,2,605,2,89,0,0,2,0,0,0,2,699
949037,2014,8,Yorkshire and The Humber,195,Bradford,U,Minor,,,414192,431832,53.78263829,-1.78610239,,,Counted,Manual count,6,2,635,0,68,1,1,0,0,1,0,2,707
949037,2015,8,Yorkshire and The Humber,195,Bradford,U,Minor,,,414192,431832,53.78263829,-1.78610239,,,Counted,Manual count,3,2,651,1,64,9,0,0,0,0,0,9,726
949037,2016,8,Yorkshire and The Humber,195,Bradford,U,Minor,,,414192,431832,53.78263829,-1.78610239,,,Counted,Manual count,8,1,772,0,89,0,0,0,0,0,0,0,862
949037,2017,8,Yorkshire and The Humber,195,Bradford,U,Minor,,,414192,431832,53.78263829,-1.78610239,,,Counted,Manual count,5,3,952,4,82,4,2,0,0,0,0,5,1047
949037,2018,8,Yorkshire and The Humber,195,Bradford,U,Minor,,,414192,431832,53.78263829,-1.78610239,,,Counted,Manual count,4,14,991,1,105,3,0,0,0,0,0,3,1114
949037,2019,8,Yorkshire and The Humber,195,Bradford,U,Minor,,,414192,431832,53.78263829,-1.78610239,,,Counted,Manual count,8,4,1106,0,103,4,4,0,0,0,0,7,1220
949038,2008,8,Yorkshire and The Humber,195,Bradford,U,Minor,,,411301,440341,53.85918627,-1.82966731,,,Counted,Manual count,0,0,40,0,0,0,0,0,0,0,0,0,40
949039,2009,8,Yorkshire and The Humber,195,Bradford,U,Minor,,,415769,439046,53.84743168,-1.76180301,,,Counted,Manual count,0,2,1257,6,83,1,0,0,0,0,0,1,1350
949039,2010,8,Yorkshire and The Humber,195,Bradford,U,Minor,,,415769,439046,53.84743168,-1.76180301,,,Counted,Manual count,6,4,1173,7,92,3,0,0,0,0,0,3,1279
949039,2011,8,Yorkshire and The Humber,195,Bradford,U,Minor,,,415769,439046,53.84743168,-1.76180301,,,Counted,Manual count,5,1,1006,6,73,3,0,0,0,0,0,3,1089
949039,2012,8,Yorkshire and The Humber,195,Bradford,U,Minor,,,415769,439046,53.84743168,-1.76180301,,,Counted,Manual count,2,1,1210,11,116,2,0,0,0,0,0,2,1340
949039,2013,8,Yorkshire and The Humber,195,Bradford,U,Minor,,,415769,439046,53.84743168,-1.76180301,,,Counted,Manual count,4,8,1060,10,75,10,0,1,0,0,0,11,1162
949039,2014,8,Yorkshire and The Humber,195,Bradford,U,Minor,,,415769,439046,53.84743168,-1.76180301,,,Counted,Manual count,3,2,885,11,66,2,0,1,0,0,0,3,967
949039,2015,8,Yorkshire and The Humber,195,Bradford,U,Minor,,,415769,439046,53.84743168,-1.76180301,,,Counted,Manual count,4,4,784,10,50,4,0,0,0,0,0,4,853
949039,2016,8,Yorkshire and The Humber,195,Bradford,U,Minor,,,415769,439046,53.84743168,-1.76180301,,,Counted,Manual count,1,2,845,7,88,1,0,0,0,0,0,1,943
949039,2017,8,Yorkshire and The Humber,195,Bradford,U,Minor,,,415769,439046,53.84743168,-1.76180301,,,Counted,Manual count,3,3,892,9,108,3,0,0,0,0,0,3,1015
949039,2018,8,Yorkshire and The Humber,195,Bradford,U,Minor,,,415769,439046,53.84743168,-1.76180301,,,Counted,Manual count,5,1,752,10,84,3,0,0,0,0,0,3,851
949039,2019,8,Yorkshire and The Humber,195,Bradford,U,Minor,,,415769,439046,53.84743168,-1.76180301,,,Counted,Manual count,8,1,712,10,79,3,0,0,0,1,0,4,806
949040,2008,8,Yorkshire and The Humber,195,Bradford,U,Minor,,,403469,437764,53.83613351,-1.94877252,,,Counted,Manual count,5,0,21,0,0,0,0,0,0,0,0,0,21
949041,2008,8,Yorkshire and The Humber,195,Bradford,U,Minor,,,402802,438688,53.84444212,-1.95889995,,,Counted,Manual count,0,0,86,0,10,0,0,0,0,0,0,0,96
949042,2008,8,Yorkshire and The Humber,195,Bradford,U,Minor,,,416226,430492,53.77053574,-1.75530438,,,Counted,Manual count,4,0,83,0,10,0,4,0,0,0,0,4,97
949043,2009,8,Yorkshire and The Humber,195,Bradford,U,Minor,,,414495,431054,53.77563749,-1.78154029,,,Counted,Manual count,0,0,238,0,36,3,0,0,0,0,0,3,277
949046,2008,8,Yorkshire and The Humber,195,Bradford,U,Minor,,,404995,441641,53.87096745,-1.92552263,,,Counted,Manual count,0,0,98,0,10,2,0,0,0,0,0,2,110
949046,2010,8,Yorkshire and The Humber,195,Bradford,U,Minor,,,404995,441641,53.87096745,-1.92552263,,,Counted,Manual count,0,0,90,0,6,0,0,0,0,0,0,0,96
949046,2011,8,Yorkshire and The Humber,195,Bradford,U,Minor,,,404995,441641,53.87096745,-1.92552263,,,Counted,Manual count,2,0,87,0,9,3,0,0,0,0,0,3,99
949046,2012,8,Yorkshire and The Humber,195,Bradford,U,Minor,,,404995,441641,53.87096745,-1.92552263,,,Counted,Manual count,0,0,124,0,4,0,0,0,0,0,0,0,128
949046,2013,8,Yorkshire and The Humber,195,Bradford,U,Minor,,,404995,441641,53.87096745,-1.92552263,,,Counted,Manual count,0,0,125,0,12,0,0,0,0,0,0,0,138
949046,2014,8,Yorkshire and The Humber,195,Bradford,U,Minor,,,404995,441641,53.87096745,-1.92552263,,,Counted,Manual count,0,0,74,0,12,1,0,0,0,0,0,1,87
949046,2015,8,Yorkshire and The Humber,195,Bradford,U,Minor,,,404995,441641,53.87096745,-1.92552263,,,Counted,Manual count,2,0,89,0,5,0,0,0,0,0,0,0,94
949046,2016,8,Yorkshire and The Humber,195,Bradford,U,Minor,,,404995,441641,53.87096745,-1.92552263,,,Counted,Manual count,1,0,93,0,5,0,0,0,0,0,0,0,98
949046,2017,8,Yorkshire and The Humber,195,Bradford,U,Minor,,,404995,441641,53.87096745,-1.92552263,,,Counted,Manual count,0,0,78,0,14,0,0,0,0,0,0,0,91
949046,2018,8,Yorkshire and The Humber,195,Bradford,U,Minor,,,404995,441641,53.87096745,-1.92552263,,,Counted,Manual count,2,0,91,0,6,0,0,0,0,0,0,0,97
949046,2019,8,Yorkshire and The Humber,195,Bradford,U,Minor,,,404995,441641,53.87096745,-1.92552263,,,Counted,Manual count,0,0,64,0,4,0,0,0,0,0,0,0,68
949047,2009,8,Yorkshire and The Humber,195,Bradford,U,Minor,,,405433,441305,53.86794327,-1.91886724,,,Counted,Manual count,0,0,95,0,4,0,0,0,0,0,0,0,100
949048,2008,8,Yorkshire and The Humber,195,Bradford,U,Minor,,,416680,432838,53.79160703,-1.74829071,,,Counted,Manual count,24,16,2859,2,232,27,3,1,1,0,0,32,3141
949049,2009,8,Yorkshire and The Humber,195,Bradford,U,Minor,,,414820,434845,53.8097014,-1.77642858,,,Counted,Manual count,4,0,633,17,25,1,0,0,0,0,0,1,675
951504,2000,8,Yorkshire and The Humber,195,Bradford,U,Minor,,,413470,438930,53.84645319,-1.79675106,,,Counted,Manual count,0,5,1335,34,43,11,0,0,0,0,0,11,1428
951504,2001,8,Yorkshire and The Humber,195,Bradford,U,Minor,,,413470,438930,53.84645319,-1.79675106,,,Counted,Manual count,15,26,1185,32,94,13,1,0,0,0,0,14,1351
951504,2002,8,Yorkshire and The Humber,195,Bradford,U,Minor,,,413470,438930,53.84645319,-1.79675106,,,Counted,Manual count,12,7,1445,28,133,13,0,0,1,0,0,14,1627
951504,2003,8,Yorkshire and The Humber,195,Bradford,U,Minor,,,413470,438930,53.84645319,-1.79675106,,,Counted,Manual count,29,8,1462,29,133,14,4,0,0,0,0,18,1650
951504,2004,8,Yorkshire and The Humber,195,Bradford,U,Minor,,,413470,438930,53.84645319,-1.79675106,,,Counted,Manual count,39,9,1329,32,115,2,0,0,0,0,0,2,1487
951504,2005,8,Yorkshire and The Humber,195,Bradford,U,Minor,,,413470,438930,53.84645319,-1.79675106,,,Counted,Manual count,24,13,1413,32,108,4,0,0,0,0,0,4,1570
951504,2006,8,Yorkshire and The Humber,195,Bradford,U,Minor,,,413470,438930,53.84645319,-1.79675106,,,Counted,Manual count,20,8,1386,32,182,8,2,0,0,0,0,10,1618
951504,2007,8,Yorkshire and The Humber,195,Bradford,U,Minor,,,413470,438930,53.84645319,-1.79675106,,,Counted,Manual count,17,6,1350,31,156,6,1,0,0,0,0,7,1550
951504,2008,8,Yorkshire and The Humber,195,Bradford,U,Minor,,,413470,438930,53.84645319,-1.79675106,,,Counted,Manual count,30,10,1391,30,132,11,0,2,0,0,0,13,1576
951504,2009,8,Yorkshire and The Humber,195,Bradford,U,Minor,,,413470,438930,53.84645319,-1.79675106,,,Counted,Manual count,21,10,1491,25,140,12,0,0,0,0,0,12,1678
967159,2000,8,Yorkshire and The Humber,195,Bradford,C,Minor,,,403363,436570,53.82540275,-1.95039569,,,Counted,Manual count,9,4,1315,39,162,4,4,0,0,1,0,9,1529
967159,2001,8,Yorkshire and The Humber,195,Bradford,C,Minor,,,403363,436570,53.82540275,-1.95039569,,,Counted,Manual count,5,18,1408,42,187,4,1,0,0,0,0,5,1660
967159,2002,8,Yorkshire and The Humber,195,Bradford,C,Minor,,,403363,436570,53.82540275,-1.95039569,,,Counted,Manual count,14,10,1302,41,158,14,4,0,0,0,0,18,1529
967159,2003,8,Yorkshire and The Humber,195,Bradford,C,Minor,,,403363,436570,53.82540275,-1.95039569,,,Counted,Manual count,2,12,1476,39,165,14,3,0,0,0,0,17,1709
967159,2004,8,Yorkshire and The Humber,195,Bradford,C,Minor,,,403363,436570,53.82540275,-1.95039569,,,Counted,Manual count,4,3,1420,34,213,15,5,0,0,0,0,20,1690
967159,2005,8,Yorkshire and The Humber,195,Bradford,C,Minor,,,403363,436570,53.82540275,-1.95039569,,,Counted,Manual count,6,18,1316,44,188,23,4,0,0,0,0,27,1593
967159,2006,8,Yorkshire and The Humber,195,Bradford,C,Minor,,,403363,436570,53.82540275,-1.95039569,,,Counted,Manual count,8,12,1443,38,210,22,5,0,0,0,0,27,1730
967159,2007,8,Yorkshire and The Humber,195,Bradford,C,Minor,,,403363,436570,53.82540275,-1.95039569,,,Counted,Manual count,2,6,1355,45,219,7,2,0,0,0,0,9,1634
967159,2008,8,Yorkshire and The Humber,195,Bradford,C,Minor,,,403363,436570,53.82540275,-1.95039569,,,Counted,Manual count,8,12,1313,37,184,17,2,0,0,0,0,19,1565
967159,2009,8,Yorkshire and The Humber,195,Bradford,C,Minor,,,403363,436570,53.82540275,-1.95039569,,,Counted,Manual count,2,1,1357,29,238,4,1,0,0,0,0,5,1630
967162,2000,8,Yorkshire and The Humber,195,Bradford,U,Minor,,,411782,437168,53.83065725,-1.82247377,,,Counted,Manual count,10,38,4254,225,444,16,2,0,1,0,0,19,4980
967162,2001,8,Yorkshire and The Humber,195,Bradford,U,Minor,,,411782,437168,53.83065725,-1.82247377,,,Counted,Manual count,21,35,3862,204,400,23,0,0,0,2,0,25,4526
967162,2002,8,Yorkshire and The Humber,195,Bradford,U,Minor,,,411782,437168,53.83065725,-1.82247377,,,Counted,Manual count,10,38,4049,165,386,11,6,0,1,0,0,18,4656
967162,2003,8,Yorkshire and The Humber,195,Bradford,U,Minor,,,411782,437168,53.83065725,-1.82247377,,,Counted,Manual count,21,48,3843,159,375,39,0,0,0,0,0,39,4464
967162,2004,8,Yorkshire and The Humber,195,Bradford,U,Minor,,,411782,437168,53.83065725,-1.82247377,,,Counted,Manual count,24,34,4293,147,446,34,4,0,0,0,0,38,4958
967162,2005,8,Yorkshire and The Humber,195,Bradford,U,Minor,,,411782,437168,53.83065725,-1.82247377,,,Counted,Manual count,20,46,4308,154,498,19,5,0,2,0,0,26,5032
967162,2006,8,Yorkshire and The Humber,195,Bradford,U,Minor,,,411782,437168,53.83065725,-1.82247377,,,Counted,Manual count,6,59,4221,136,473,33,0,0,0,0,0,33,4922
967162,2007,8,Yorkshire and The Humber,195,Bradford,U,Minor,,,411782,437168,53.83065725,-1.82247377,,,Counted,Manual count,5,65,4454,152,512,23,2,8,0,0,0,33,5216
967162,2008,8,Yorkshire and The Humber,195,Bradford,U,Minor,,,411782,437168,53.83065725,-1.82247377,,,Counted,Manual count,6,34,4190,148,499,21,2,4,0,3,0,30,4901
967162,2009,8,Yorkshire and The Humber,195,Bradford,U,Minor,,,411782,437168,53.83065725,-1.82247377,,,Counted,Manual count,14,83,4528,167,544,19,3,0,0,0,0,22,5344
967164,2000,8,Yorkshire and The Humber,195,Bradford,U,Minor,,,415100,431800,53.78232539,-1.77232413,,,Counted,Manual count,1,0,532,0,55,1,2,0,1,4,0,8,595
967164,2001,8,Yorkshire and The Humber,195,Bradford,U,Minor,,,415100,431800,53.78232539,-1.77232413,,,Counted,Manual count,12,5,713,18,25,0,1,0,3,6,1,11,772
967164,2002,8,Yorkshire and The Humber,195,Bradford,U,Minor,,,415100,431800,53.78232539,-1.77232413,,,Counted,Manual count,1,1,660,6,47,6,2,0,1,7,4,20,734
967164,2003,8,Yorkshire and The Humber,195,Bradford,U,Minor,,,415100,431800,53.78232539,-1.77232413,,,Counted,Manual count,2,0,728,7,55,3,0,0,0,5,2,10,800
967164,2004,8,Yorkshire and The Humber,195,Bradford,U,Minor,,,415100,431800,53.78232539,-1.77232413,,,Counted,Manual count,2,1,599,7,69,1,0,0,0,4,0,5,681
967164,2005,8,Yorkshire and The Humber,195,Bradford,U,Minor,,,415100,431800,53.78232539,-1.77232413,,,Counted,Manual count,2,1,717,13,44,3,0,0,0,3,0,6,781
967164,2006,8,Yorkshire and The Humber,195,Bradford,U,Minor,,,415100,431800,53.78232539,-1.77232413,,,Counted,Manual count,3,3,572,4,59,0,1,0,0,4,2,7,645
967164,2007,8,Yorkshire and The Humber,195,Bradford,U,Minor,,,415100,431800,53.78232539,-1.77232413,,,Counted,Manual count,0,1,692,6,46,2,1,0,0,5,1,9,754
967164,2008,8,Yorkshire and The Humber,195,Bradford,U,Minor,,,415100,431800,53.78232539,-1.77232413,,,Counted,Manual count,0,1,617,9,50,5,5,0,1,0,0,11,688
967164,2009,8,Yorkshire and The Humber,195,Bradford,U,Minor,,,415100,431800,53.78232539,-1.77232413,,,Counted,Manual count,4,3,662,10,66,10,4,0,0,0,2,16,757
967165,2000,8,Yorkshire and The Humber,195,Bradford,U,Minor,,,415222,437957,53.83766018,-1.77017064,,,Counted,Manual count,22,54,2823,0,589,59,7,6,10,11,4,97,3563
967165,2001,8,Yorkshire and The Humber,195,Bradford,U,Minor,,,415222,437957,53.83766018,-1.77017064,,,Counted,Manual count,24,88,3035,2,498,181,5,6,7,10,8,217,3840
967165,2002,8,Yorkshire and The Humber,195,Bradford,U,Minor,,,415222,437957,53.83766018,-1.77017064,,,Counted,Manual count,26,49,2692,0,512,181,5,20,4,19,8,237,3490
967165,2003,8,Yorkshire and The Humber,195,Bradford,U,Minor,,,415222,437957,53.83766018,-1.77017064,,,Counted,Manual count,36,22,2539,0,567,131,21,26,3,22,8,211,3339
967165,2004,8,Yorkshire and The Humber,195,Bradford,U,Minor,,,415222,437957,53.83766018,-1.77017064,,,Counted,Manual count,18,25,2621,3,548,115,8,3,3,16,5,150,3347
967165,2005,8,Yorkshire and The Humber,195,Bradford,U,Minor,,,415222,437957,53.83766018,-1.77017064,,,Counted,Manual count,17,28,2395,1,479,120,10,0,3,16,4,153,3056
967165,2006,8,Yorkshire and The Humber,195,Bradford,U,Minor,,,415222,437957,53.83766018,-1.77017064,,,Counted,Manual count,25,29,2545,1,496,106,17,21,8,18,12,182,3253
967165,2007,8,Yorkshire and The Humber,195,Bradford,U,Minor,,,415222,437957,53.83766018,-1.77017064,,,Counted,Manual count,14,31,2761,0,602,124,16,6,3,11,4,164,3558
967165,2008,8,Yorkshire and The Humber,195,Bradford,U,Minor,,,415222,437957,53.83766018,-1.77017064,,,Counted,Manual count,10,22,2379,0,495,128,12,6,1,12,9,168,3064
967165,2009,8,Yorkshire and The Humber,195,Bradford,U,Minor,,,415222,437957,53.83766018,-1.77017064,,,Counted,Manual count,11,36,2409,0,457,103,4,7,4,8,6,132,3034
967166,2000,8,Yorkshire and The Humber,195,Bradford,U,Minor,,,415624,434709,53.80845577,-1.76422611,,,Counted,Manual count,4,2,232,1,40,0,2,0,0,0,0,2,277
967166,2001,8,Yorkshire and The Humber,195,Bradford,U,Minor,,,415624,434709,53.80845577,-1.76422611,,,Counted,Manual count,14,7,279,6,23,3,1,0,0,0,0,4,319
967166,2002,8,Yorkshire and The Humber,195,Bradford,U,Minor,,,415624,434709,53.80845577,-1.76422611,,,Counted,Manual count,4,2,263,6,37,7,0,10,0,0,0,17,325
967166,2003,8,Yorkshire and The Humber,195,Bradford,U,Minor,,,415624,434709,53.80845577,-1.76422611,,,Estimated,Estimated using AADF from previous year on this link,3,2,265,7,41,7,0,12,0,0,0,19,334
967166,2004,8,Yorkshire and The Humber,195,Bradford,U,Minor,,,415624,434709,53.80845577,-1.76422611,,,Estimated,Estimated using AADF from previous year on this link,3,3,271,6,44,8,0,14,0,0,0,22,346
968044,2000,8,Yorkshire and The Humber,195,Bradford,U,Minor,,,412100,432000,53.78420049,-1.81784416,,,Counted,Manual count,11,55,6950,81,861,56,4,6,2,2,0,70,8017
968044,2001,8,Yorkshire and The Humber,195,Bradford,U,Minor,,,412100,432000,53.78420049,-1.81784416,,,Counted,Manual count,17,70,7024,124,849,115,9,3,1,3,0,131,8198
968044,2002,8,Yorkshire and The Humber,195,Bradford,U,Minor,,,412100,432000,53.78420049,-1.81784416,,,Counted,Manual count,5,44,8175,88,950,90,13,6,2,2,2,115,9372
968044,2003,8,Yorkshire and The Humber,195,Bradford,U,Minor,,,412100,432000,53.78420049,-1.81784416,,,Counted,Manual count,8,29,7445,97,930,72,14,0,2,1,1,90,8591
968044,2004,8,Yorkshire and The Humber,195,Bradford,U,Minor,,,412100,432000,53.78420049,-1.81784416,,,Counted,Manual count,8,49,6975,96,976,59,7,14,2,4,1,87,8183
968044,2005,8,Yorkshire and The Humber,195,Bradford,U,Minor,,,412100,432000,53.78420049,-1.81784416,,,Counted,Manual count,7,80,7754,100,1065,73,7,19,0,2,0,101,9100
968044,2006,8,Yorkshire and The Humber,195,Bradford,U,Minor,,,412100,432000,53.78420049,-1.81784416,,,Counted,Manual count,9,48,8183,104,1101,68,19,2,2,2,2,95,9531
968044,2007,8,Yorkshire and The Humber,195,Bradford,U,Minor,,,412100,432000,53.78420049,-1.81784416,,,Counted,Manual count,3,62,8793,111,1178,74,4,6,4,1,2,91,10235
968044,2008,8,Yorkshire and The Humber,195,Bradford,U,Minor,,,412100,432000,53.78420049,-1.81784416,,,Counted,Manual count,6,35,8322,92,1096,64,7,2,0,0,0,73,9618
968044,2009,8,Yorkshire and The Humber,195,Bradford,U,Minor,,,412100,432000,53.78420049,-1.81784416,,,Counted,Manual count,11,41,8259,123,1090,68,8,3,2,1,3,85,9598
968241,2000,8,Yorkshire and The Humber,195,Bradford,C,Minor,,,418100,435000,53.81099173,-1.72661059,,,Counted,Manual count,30,18,3839,20,485,40,1,9,7,0,0,57,4419
968241,2001,8,Yorkshire and The Humber,195,Bradford,C,Minor,,,418100,435000,53.81099173,-1.72661059,,,Counted,Manual count,46,33,4472,7,586,26,1,0,0,0,0,27,5125
968241,2002,8,Yorkshire and The Humber,195,Bradford,C,Minor,,,418100,435000,53.81099173,-1.72661059,,,Counted,Manual count,44,64,5138,8,618,49,3,3,0,0,0,55,5883
968241,2003,8,Yorkshire and The Humber,195,Bradford,C,Minor,,,418100,435000,53.81099173,-1.72661059,,,Counted,Manual count,62,36,4764,9,577,38,1,0,0,0,0,39,5425
968241,2004,8,Yorkshire and The Humber,195,Bradford,C,Minor,,,418100,435000,53.81099173,-1.72661059,,,Counted,Manual count,59,60,5858,8,698,35,0,1,0,0,0,36,6660
968241,2005,8,Yorkshire and The Humber,195,Bradford,C,Minor,,,418100,435000,53.81099173,-1.72661059,,,Counted,Manual count,21,48,4819,20,639,31,6,3,2,1,0,43,5569
968241,2006,8,Yorkshire and The Humber,195,Bradford,C,Minor,,,418100,435000,53.81099173,-1.72661059,,,Counted,Manual count,31,54,5524,13,754,39,1,1,1,0,0,42,6387
968241,2007,8,Yorkshire and The Humber,195,Bradford,C,Minor,,,418100,435000,53.81099173,-1.72661059,,,Counted,Manual count,22,76,5452,12,800,32,2,0,1,0,0,35,6375
968241,2008,8,Yorkshire and The Humber,195,Bradford,C,Minor,,,418100,435000,53.81099173,-1.72661059,,,Counted,Manual count,30,33,5294,6,745,32,2,5,0,0,0,39,6117
968241,2009,8,Yorkshire and The Humber,195,Bradford,C,Minor,,,418100,435000,53.81099173,-1.72661059,,,Counted,Manual count,28,52,5783,30,733,22,2,3,1,0,0,28,6626
979065,2000,8,Yorkshire and The Humber,195,Bradford,U,Minor,,,417745,433731,53.79959829,-1.73207404,,,Counted,Manual count,19,1,1284,3,111,3,0,0,0,0,0,3,1402
979065,2001,8,Yorkshire and The Humber,195,Bradford,U,Minor,,,417745,433731,53.79959829,-1.73207404,,,Counted,Manual count,7,12,1406,3,90,4,0,0,0,0,0,4,1515
979065,2002,8,Yorkshire and The Humber,195,Bradford,U,Minor,,,417745,433731,53.79959829,-1.73207404,,,Counted,Manual count,9,2,1377,7,91,5,0,0,0,0,0,5,1482
979065,2003,8,Yorkshire and The Humber,195,Bradford,U,Minor,,,417745,433731,53.79959829,-1.73207404,,,Counted,Manual count,6,0,1404,2,76,15,0,0,0,0,0,15,1497
979065,2004,8,Yorkshire and The Humber,195,Bradford,U,Minor,,,417745,433731,53.79959829,-1.73207404,,,Counted,Manual count,7,3,1302,5,114,12,0,0,0,0,0,12,1436
979065,2005,8,Yorkshire and The Humber,195,Bradford,U,Minor,,,417745,433731,53.79959829,-1.73207404,,,Counted,Manual count,1,3,1204,15,54,7,0,0,0,0,0,7,1283
979065,2006,8,Yorkshire and The Humber,195,Bradford,U,Minor,,,417745,433731,53.79959829,-1.73207404,,,Counted,Manual count,5,0,1326,7,108,7,0,0,0,0,0,7,1448
979065,2007,8,Yorkshire and The Humber,195,Bradford,U,Minor,,,417745,433731,53.79959829,-1.73207404,,,Counted,Manual count,8,0,1470,6,71,6,0,0,0,0,0,6,1553
979065,2008,8,Yorkshire and The Humber,195,Bradford,U,Minor,,,417745,433731,53.79959829,-1.73207404,,,Counted,Manual count,6,0,1365,13,89,3,0,0,0,0,0,3,1470
979065,2009,8,Yorkshire and The Humber,195,Bradford,U,Minor,,,417745,433731,53.79959829,-1.73207404,,,Counted,Manual count,3,10,1378,4,78,0,0,0,0,0,0,0,1470
979206,2007,8,Yorkshire and The Humber,195,Bradford,U,Minor,,,404106,446768,53.91705561,-1.93897597,,,Counted,Manual count,7,4,390,0,50,2,2,0,0,0,0,4,448
979206,2008,8,Yorkshire and The Humber,195,Bradford,U,Minor,,,404106,446768,53.91705561,-1.93897597,,,Counted,Manual count,13,8,363,1,70,0,0,0,0,0,0,0,442
979206,2009,8,Yorkshire and The Humber,195,Bradford,U,Minor,,,404106,446768,53.91705561,-1.93897597,,,Counted,Manual count,7,5,397,0,62,0,0,0,0,0,0,0,464
979212,2007,8,Yorkshire and The Humber,195,Bradford,U,Minor,,,417155,432481,53.78838306,-1.74110028,,,Counted,Manual count,2,9,695,0,390,55,3,4,9,12,0,83,1177
979212,2008,8,Yorkshire and The Humber,195,Bradford,U,Minor,,,417155,432481,53.78838306,-1.74110028,,,Counted,Manual count,1,2,811,1,433,83,6,1,3,11,2,106,1353
979212,2009,8,Yorkshire and The Humber,195,Bradford,U,Minor,,,417155,432481,53.78838306,-1.74110028,,,Counted,Manual count,1,3,710,0,417,58,9,1,2,15,6,91,1221
990058,2000,8,Yorkshire and The Humber,195,Bradford,B6145,Minor,,,414760,433620,53.79869294,-1.77739771,,,Counted,Manual count,83,148,16433,368,2627,262,28,53,97,58,30,528,20104
990058,2001,8,Yorkshire and The Humber,195,Bradford,B6145,Minor,,,414760,433620,53.79869294,-1.77739771,,,Counted,Manual count,100,176,17195,320,1973,511,73,44,83,56,23,790,20454
990058,2002,8,Yorkshire and The Humber,195,Bradford,B6145,Minor,,,414760,433620,53.79869294,-1.77739771,,,Counted,Manual count,52,116,16887,312,2198,368,44,24,85,54,16,591,20104
990058,2003,8,Yorkshire and The Humber,195,Bradford,B6145,Minor,,,414760,433620,53.79869294,-1.77739771,,,Counted,Manual count,122,164,18785,310,2184,441,48,33,74,94,31,721,22164
990058,2004,8,Yorkshire and The Humber,195,Bradford,B6145,Minor,,,414760,433620,53.79869294,-1.77739771,,,Counted,Manual count,104,177,18365,283,2387,310,33,25,55,47,22,492,21704
990058,2005,8,Yorkshire and The Humber,195,Bradford,B6145,Minor,,,414760,433620,53.79869294,-1.77739771,,,Counted,Manual count,66,186,18706,313,2411,405,58,42,34,68,26,633,22249
990058,2006,8,Yorkshire and The Humber,195,Bradford,B6145,Minor,,,414760,433620,53.79869294,-1.77739771,,,Counted,Manual count,67,146,18602,280,2341,408,44,18,40,68,33,611,21980
990058,2007,8,Yorkshire and The Humber,195,Bradford,B6145,Minor,,,414760,433620,53.79869294,-1.77739771,,,Counted,Manual count,64,180,19444,265,2718,367,35,129,45,89,39,704,23311
990058,2008,8,Yorkshire and The Humber,195,Bradford,B6145,Minor,,,414760,433620,53.79869294,-1.77739771,,,Counted,Manual count,109,120,18556,312,2446,294,66,16,38,61,18,493,21927
990058,2009,8,Yorkshire and The Humber,195,Bradford,B6145,Minor,,,414760,433620,53.79869294,-1.77739771,,,Counted,Manual count,74,81,20758,317,2491,369,35,13,33,69,21,540,24187
990059,2000,8,Yorkshire and The Humber,195,Bradford,B6141,Minor,,,405390,434050,53.80273683,-1.91964503,,,Counted,Manual count,6,33,2136,0,361,10,1,0,0,1,0,12,2542
990059,2001,8,Yorkshire and The Humber,195,Bradford,B6141,Minor,,,405390,434050,53.80273683,-1.91964503,,,Counted,Manual count,9,47,1741,2,223,13,2,0,1,0,1,17,2030
990059,2002,8,Yorkshire and The Humber,195,Bradford,B6141,Minor,,,405390,434050,53.80273683,-1.91964503,,,Counted,Manual count,8,24,1842,0,249,19,1,1,0,0,0,21,2136
990059,2003,8,Yorkshire and The Humber,195,Bradford,B6141,Minor,,,405390,434050,53.80273683,-1.91964503,,,Counted,Manual count,2,13,2178,1,330,20,4,5,0,0,0,29,2551
990059,2004,8,Yorkshire and The Humber,195,Bradford,B6141,Minor,,,405390,434050,53.80273683,-1.91964503,,,Counted,Manual count,5,25,1837,2,276,19,1,1,1,1,0,23,2163
990059,2005,8,Yorkshire and The Humber,195,Bradford,B6141,Minor,,,405390,434050,53.80273683,-1.91964503,,,Counted,Manual count,6,9,1976,1,354,21,1,1,1,0,0,24,2364
990059,2006,8,Yorkshire and The Humber,195,Bradford,B6141,Minor,,,405390,434050,53.80273683,-1.91964503,,,Counted,Manual count,15,34,1898,0,317,14,6,0,0,0,0,20,2269
990059,2007,8,Yorkshire and The Humber,195,Bradford,B6141,Minor,,,405390,434050,53.80273683,-1.91964503,,,Counted,Manual count,14,24,1867,0,327,12,2,0,0,0,0,14,2232
990059,2008,8,Yorkshire and The Humber,195,Bradford,B6141,Minor,,,405390,434050,53.80273683,-1.91964503,,,Counted,Manual count,13,40,2166,3,359,14,2,3,1,0,0,20,2588
990059,2009,8,Yorkshire and The Humber,195,Bradford,B6141,Minor,,,405390,434050,53.80273683,-1.91964503,,,Counted,Manual count,17,27,2107,1,310,30,1,1,0,1,0,33,2478
990294,2000,8,Yorkshire and The Humber,195,Bradford,C,Minor,,,408070,439410,53.85087783,-1.87881479,,,Counted,Manual count,1,35,6431,61,621,215,14,27,3,3,3,265,7413
990294,2001,8,Yorkshire and The Humber,195,Bradford,C,Minor,,,408070,439410,53.85087783,-1.87881479,,,Counted,Manual count,30,81,6320,90,756,69,14,26,3,8,3,123,7370
990294,2002,8,Yorkshire and The Humber,195,Bradford,C,Minor,,,408070,439410,53.85087783,-1.87881479,,,Counted,Manual count,27,70,7047,86,737,110,6,23,0,5,3,147,8087
990294,2003,8,Yorkshire and The Humber,195,Bradford,C,Minor,,,408070,439410,53.85087783,-1.87881479,,,Counted,Manual count,27,69,7432,174,729,101,25,22,0,2,5,155,8559
990294,2004,8,Yorkshire and The Humber,195,Bradford,C,Minor,,,408070,439410,53.85087783,-1.87881479,,,Counted,Manual count,19,59,7467,77,784,84,20,15,2,4,0,125,8512
990294,2005,8,Yorkshire and The Humber,195,Bradford,C,Minor,,,408070,439410,53.85087783,-1.87881479,,,Counted,Manual count,30,99,8474,70,935,141,13,18,1,2,0,175,9753
990294,2006,8,Yorkshire and The Humber,195,Bradford,C,Minor,,,408070,439410,53.85087783,-1.87881479,,,Counted,Manual count,18,59,8630,107,1024,106,13,52,5,3,1,180,10000
990294,2007,8,Yorkshire and The Humber,195,Bradford,C,Minor,,,408070,439410,53.85087783,-1.87881479,,,Estimated,Estimated using AADF from previous year on this link,18,65,8448,136,1129,115,15,62,5,3,1,201,9979
990294,2008,8,Yorkshire and The Humber,195,Bradford,C,Minor,,,408070,439410,53.85087783,-1.87881479,,,Counted,Manual count,14,32,8306,103,1062,73,8,17,0,1,0,99,9602
990294,2009,8,Yorkshire and The Humber,195,Bradford,C,Minor,,,408070,439410,53.85087783,-1.87881479,,,Counted,Manual count,27,33,9186,100,1012,76,10,14,2,0,4,106,10437
990566,2006,8,Yorkshire and The Humber,195,Bradford,U,Minor,,,414980,433800,53.80030454,-1.77404909,,,Counted,Manual count,8,4,2191,5,210,4,0,0,0,0,0,4,2414
990566,2007,8,Yorkshire and The Humber,195,Bradford,U,Minor,,,414980,433800,53.80030454,-1.77404909,,,Counted,Manual count,3,11,2081,12,235,5,2,0,0,0,0,7,2346
990566,2008,8,Yorkshire and The Humber,195,Bradford,U,Minor,,,414980,433800,53.80030454,-1.77404909,,,Counted,Manual count,5,6,2579,13,192,10,1,0,0,0,0,11,2801
990566,2009,8,Yorkshire and The Humber,195,Bradford,U,Minor,,,414980,433800,53.80030454,-1.77404909,,,Counted,Manual count,4,1,2543,19,228,13,1,0,0,0,0,14,2805
990859,2000,8,Yorkshire and The Humber,195,Bradford,C,Minor,,,417268,436508,53.82457342,-1.73916163,,,Counted,Manual count,39,110,11406,63,1048,61,4,1,2,1,0,69,12696
990859,2001,8,Yorkshire and The Humber,195,Bradford,C,Minor,,,417268,436508,53.82457342,-1.73916163,,,Counted,Manual count,80,124,12175,68,1053,91,12,4,1,1,0,109,13529
990859,2002,8,Yorkshire and The Humber,195,Bradford,C,Minor,,,417268,436508,53.82457342,-1.73916163,,,Counted,Manual count,23,100,11906,59,1008,128,3,7,4,2,1,145,13218
990859,2003,8,Yorkshire and The Humber,195,Bradford,C,Minor,,,417268,436508,53.82457342,-1.73916163,,,Counted,Manual count,31,88,13345,66,1129,110,10,4,2,1,0,127,14755
990859,2004,8,Yorkshire and The Humber,195,Bradford,C,Minor,,,417268,436508,53.82457342,-1.73916163,,,Counted,Manual count,41,113,13102,60,1304,94,11,15,1,2,0,123,14702
990859,2005,8,Yorkshire and The Humber,195,Bradford,C,Minor,,,417268,436508,53.82457342,-1.73916163,,,Counted,Manual count,31,85,11681,58,1163,91,14,4,3,1,0,113,13100
990859,2006,8,Yorkshire and The Humber,195,Bradford,C,Minor,,,417268,436508,53.82457342,-1.73916163,,,Counted,Manual count,16,119,13325,74,1355,56,5,4,1,1,0,67,14940
990859,2007,8,Yorkshire and The Humber,195,Bradford,C,Minor,,,417268,436508,53.82457342,-1.73916163,,,Counted,Manual count,35,149,13302,70,1414,84,9,2,3,2,1,101,15036
990859,2008,8,Yorkshire and The Humber,195,Bradford,C,Minor,,,417268,436508,53.82457342,-1.73916163,,,Counted,Manual count,15,100,13460,81,1501,141,10,8,1,1,1,162,15304
990859,2009,8,Yorkshire and The Humber,195,Bradford,C,Minor,,,417268,436508,53.82457342,-1.73916163,,,Counted,Manual count,24,52,13162,69,1400,81,6,2,0,1,0,90,14773
